0.001

1.0

100

6

-0.000    -1.838    -0.000    -4.616    -0.000    -2.368
 
 13.48     6.745     0.000     0.000     0.000     0.000
-6.745     0.000     0.000     0.000     0.000     0.000
 0.000     0.000     85.24     47.59     0.000     0.000
 0.000     0.000    -47.59     0.000     0.000     0.000
 0.000     0.000     0.000     0.000     22.43     21.59
 0.000     0.000     0.000     0.000    -21.59     0.000


6

 0.000    -1.413    -0.000    -4.060    -0.000    -1.966    

 7.998     4.000     0.000     0.000     0.000     0.000
-4.000     0.000     0.000     0.000     0.000     0.000
 0.000     0.000     65.93     39.52     0.000     0.000
 0.000     0.000    -39.52     0.000     0.000     0.000
 0.000     0.000     0.000     0.000     15.46     19.05
 0.000     0.000     0.000     0.000    -19.05     0.000
