0
0.7816 3.6478 4.0004 -0.2347 -0.2354 -0.1028 
1.1047 3.4981 3.1140 -0.0546 0.0596 0.1419 
3.4605 1.9770 4.9848 -0.0839 0.0313 0.1292 
4.7216 3.3509 5.3794 -0.1266 0.1383 -0.1038 
4.3527 3.3975 2.6053 -0.0307 0.0935 -0.1848 
5.2886 3.6162 2.6407 0.0467 0.0983 -0.1040 
3.7877 5.8155 1.9736 0.0406 -0.0537 -0.0026 
3.8745 6.4741 3.5153 -0.0638 0.2534 0.0958 
2.9926 1.5075 1.9455 -0.0317 -0.0531 0.2054 
2.5429 1.3349 2.4596 -0.1464 0.0406 -0.1864 
2.9823 3.6243 4.2972 -0.0639 -0.1255 -0.0745 
2.4334 2.9202 2.8876 -0.0262 -0.0367 -0.0432 
3.1816 3.6726 0.4738 -0.0251 -0.1337 0.1042 
1.8070 3.0160 0.3247 0.1146 0.0396 0.0286 
2.7411 2.0722 1.7571 0.0328 0.1226 0.1466 
3.1447 1.5204 1.1252 0.0931 -0.0886 0.0584 
2.8162 0.9407 4.5921 -0.1123 -0.0512 -0.1104 
1.8916 0.5978 3.3863 -0.1744 0.0259 0.1383 
4.8687 2.4332 0.9220 0.1191 0.2812 -0.1859 
6.0611 3.4079 1.0943 0.0156 0.2029 0.0239 
1.4042 2.5260 2.6628 0.0697 0.1972 -0.1039 
2.6031 2.3178 3.4253 0.1128 -0.0434 0.0549 
2.3004 0.1717 1.7320 0.1239 -0.0847 -0.0223 
1.5493 -0.7785 0.4813 -0.1270 -0.0563 0.0886 
2.9550 4.1998 1.1432 0.0314 0.1614 0.0697 
4.7253 3.6457 1.2488 0.0583 0.1072 0.0041 
1.5975 2.9701 1.1424 -0.0555 -0.0510 0.0288 
0.2933 3.1425 2.1627 0.1575 -0.0114 -0.0062 
3.6333 1.5452 1.2733 -0.1468 0.1135 -0.1741 
4.6354 1.1266 0.1795 -0.1145 0.1927 -0.0539 
5.4908 6.1215 1.9142 0.1050 0.1707 0.0112 
5.6703 7.3872 2.9585 -0.2425 0.0159 -0.0630 
2.8265 2.7482 3.0671 0.2401 -0.1602 0.0085 
2.2928 2.5589 4.7921 0.0288 -0.0797 0.0372 
1.5258 5.1296 1.5859 0.1177 -0.0299 0.1023 
2.3803 6.7025 0.9278 -0.2689 0.1834 0.0084 
4.9104 4.4441 4.8170 -0.1577 0.1079 -0.0105 
5.6155 4.7742 6.0537 -0.0753 0.0580 0.1952 
1.4861 0.2789 2.3907 -0.0785 0.0354 -0.0791 
2.4660 -1.1328 2.9579 0.1384 -0.0685 -0.0421 
5.3374 0.8112 4.7041 0.0377 0.0344 -0.1885 
5.4659 -0.8510 4.6270 0.1037 -0.1146 0.2441 
3.7744 1.0390 4.4442 -0.0663 -0.2128 -0.1726 
2.8050 1.9183 4.3252 -0.1558 0.0314 0.0301 
3.9129 3.5316 3.7257 0.1420 0.0134 0.0852 
4.2161 1.9525 3.5451 -0.0434 0.1775 -0.1543 
1.2004 1.5442 4.0521 0.1398 -0.0852 -0.0037 
3.2117 1.5696 3.4338 -0.0896 0.0356 -0.0255 
4.3483 3.3899 4.5019 -0.1743 -0.1431 0.0118 
3.0279 3.3502 3.6652 -0.0563 -0.0621 -0.0351 
3.9695 2.7601 2.9058 0.0554 0.0840 -0.0225 
3.2112 3.1926 2.9202 0.2473 0.0564 -0.1122 
3.0571 1.2072 0.3943 -0.0774 0.0813 -0.0071 
4.7542 0.5575 -0.2465 -0.2005 0.1908 -0.0979 
3.2567 0.2823 4.4466 0.0394 -0.0946 -0.0551 
2.1822 -0.0712 5.4636 -0.0083 -0.0554 0.0907 
4.8901 2.1841 2.9693 -0.3335 -0.0564 -0.0121 
5.7926 2.8239 3.3254 0.0832 0.1023 0.0082 
1.6256 5.0819 3.3188 0.1843 0.0308 -0.1444 
2.8218 4.8979 4.5129 -0.1940 -0.0606 0.1261 
3.1063 2.4814 3.3059 0.0830 -0.1312 0.1991 
3.2080 2.4003 4.8615 0.0880 -0.0717 0.0312 
3.2657 4.3842 3.3270 0.1710 -0.0780 -0.0810 
1.1058 4.3458 3.1034 0.2252 0.0618 -0.0193 
5.8194 2.6955 1.6779 -0.1216 0.0455 0.0695 
6.8577 3.6070 0.9223 -0.0559 0.0875 -0.0341 
2.6026 1.3661 3.1545 -0.1479 0.2592 0.1276 
2.7303 -0.4558 2.4693 -0.0338 0.0830 0.0586 
1.3047 0.7313 1.7923 0.1151 -0.1877 0.0145 
0.6878 1.0265 1.1704 -0.0541 -0.1804 -0.3338 
1.3161 4.4176 2.7094 0.0506 -0.0645 0.0328 
2.9064 4.5830 3.7309 -0.0058 -0.0508 -0.0515 
3.2406 2.2702 0.6199 0.0570 0.0612 -0.0119 
4.0813 0.9763 0.8959 0.1347 -0.1440 0.0068 
2.1161 1.6442 -0.5857 0.2225 -0.0321 -0.0720 
1.2228 2.2373 -1.2790 -0.0423 -0.0560 0.1059 
3.9481 5.0468 5.1447 -0.1049 0.0608 0.1087 
5.5845 5.5332 5.9903 0.0710 -0.0904 0.0331 
4.5309 2.3241 3.1359 0.0521 -0.2448 0.1715 
3.5387 3.2554 1.9327 0.0170 0.1169 0.0465 
1.7221 2.2230 5.9629 -0.0605 -0.0951 0.0589 
3.3433 2.6614 6.4303 0.1128 -0.0476 0.2177 
2.1406 3.2443 4.7356 -0.0930 -0.0138 -0.1117 
2.6838 4.0441 4.4535 -0.0278 -0.1588 0.3046 
3.3234 2.3544 0.3682 0.0261 0.0032 -0.2010 
4.9189 1.4109 0.5010 -0.0709 0.0024 0.0460 
2.1240 -0.0962 0.9688 0.1282 0.0003 -0.1007 
2.9836 -1.1863 0.2838 0.0178 -0.1077 -0.1010 
4.7877 0.3299 0.7858 0.0184 -0.0192 -0.1291 
4.0362 -0.7876 0.2645 -0.0195 0.0192 0.0328 
0.6070 5.6167 4.1792 0.0568 -0.1013 -0.1072 
-0.5494 6.5742 3.7663 0.0590 -0.0035 -0.1520 
1.1937 1.0895 3.1577 -0.2606 0.0607 0.0373 
2.5649 0.6406 4.2300 -0.0087 0.0122 0.1667 
0.9944 5.0772 0.8481 -0.0917 -0.1290 -0.0101 
2.4562 5.8076 0.8589 -0.1135 0.0808 0.0691 
5.4093 2.9575 0.9538 -0.1753 -0.0371 -0.0807 
6.7995 1.5813 1.3639 -0.0768 -0.0856 -0.1640 
3.9810 2.5027 1.8824 0.0165 -0.1527 0.1171 
5.2071 3.2902 3.2625 0.0962 0.1056 -0.0924 
4.1199 3.4989 3.9146 -0.2279 -0.1602 -0.1852 
5.3488 3.5048 4.2633 -0.0356 0.0408 -0.1450 
4.0587 2.7786 2.1713 0.0680 -0.0026 -0.0622 
3.9905 1.2908 1.9826 0.3425 -0.0465 -0.2338 
3.6960 5.2021 1.9344 0.1101 -0.0796 0.0900 
4.4843 4.6393 2.1452 0.0097 0.0073 0.0556 
0.3330 1.9154 3.5434 -0.0809 0.1079 0.0136 
-0.5294 3.5373 3.7933 0.0712 -0.0189 -0.2574 
1.6273 -0.0493 6.1677 -0.2049 0.1807 0.0677 
1.9835 -0.7637 7.8371 0.0851 -0.1108 0.1112 
1.0548 -0.4600 2.1510 -0.2122 0.0640 -0.1026 
0.6561 -0.9143 3.4165 0.0594 0.1330 0.1069 
4.9191 3.0920 4.8313 -0.0509 -0.0320 -0.0340 
4.3407 2.0414 4.5569 0.1018 0.1198 0.0423 
0.6206 3.9703 0.2718 0.3126 0.2171 0.1927 
0.7111 3.1329 -0.9154 -0.0562 0.0762 -0.1142 
1.3604 3.0314 3.9419 0.0180 -0.2214 0.0431 
0.6143 3.7140 5.5584 0.0816 -0.0904 -0.0028 
0.7542 4.7129 -0.3122 -0.0178 -0.2371 0.1403 
1.1161 5.9922 -0.6501 -0.0153 0.0535 0.0776 
0.1842 3.8909 1.1466 -0.0149 0.0014 -0.1977 
0.8786 3.4640 0.4684 -0.1202 -0.0501 0.0106 
4.2452 3.0859 1.5051 -0.0224 -0.0875 0.2044 
4.2561 2.0126 0.4418 0.0128 -0.0182 0.0216 
5.5286 4.1017 3.0585 -0.0043 -0.1898 -0.1504 
5.1859 5.5619 3.4145 0.3073 0.1189 0.0223 
2.3872 3.1199 0.5582 0.0657 0.1718 -0.1007 
2.9844 4.3044 -0.7640 0.1999 -0.0268 -0.1814 
0.9488 4.3904 4.2516 0.0370 0.0804 -0.0612 
0.0093 5.2699 5.1170 -0.1063 0.0025 0.0932 
-0.0684 1.4458 4.2329 0.0823 -0.2106 0.1025 
1.3294 1.2887 5.2252 -0.0570 -0.0603 -0.0253 
-0.5954 4.9043 1.3593 -0.1840 -0.0974 0.1461 
-1.2342 5.7936 2.0427 0.0458 0.0228 0.0284 
3.1758 0.7773 2.4510 0.0900 -0.0376 -0.0946 
4.2417 -0.5546 3.2817 0.0473 -0.0384 0.0982 
4.3116 4.6577 0.5670 0.0135 -0.0118 0.0436 
3.1156 5.3420 0.9386 0.1402 -0.0995 -0.1250 
0.8492 1.5907 2.3095 0.0809 -0.0686 0.0931 
-0.1690 1.5663 3.4121 -0.2755 0.1159 0.1334 
3.7133 0.4190 5.5200 0.1203 -0.2275 0.0333 
4.4791 0.3299 6.6288 0.0709 0.1138 -0.1655 
3.3491 4.5987 5.0697 0.2439 -0.0224 0.1990 
3.0531 5.1563 4.8468 0.2859 0.0555 -0.1211 
1.4303 1.1671 4.5778 0.0100 0.2611 -0.1966 
0.7297 0.7282 4.0689 0.0152 0.0154 -0.0626 
5.3162 1.7080 5.3385 -0.0167 -0.1611 0.0406 
7.1215 1.3754 5.5712 0.1472 0.2147 -0.0164 
3.9450 0.9943 3.1302 0.2200 0.2587 -0.1287 
3.2986 0.0559 4.2533 0.0355 -0.1475 0.1347 
4.6278 2.4680 4.9742 0.0972 -0.0291 0.1828 
3.7900 3.5277 5.1118 0.0443 -0.1926 0.0448 
1.0312 2.2636 0.6358 -0.0623 0.0387 0.0529 
0.4612 3.1498 -0.3863 0.0679 0.2210 -0.0846 
3.6746 2.2976 4.0059 -0.0079 0.0729 0.1895 
3.6430 1.6805 2.7355 -0.0468 -0.0078 -0.0487 
0.7929 0.2553 1.1031 0.0389 -0.0494 0.0725 
-0.0188 -0.1808 2.4605 -0.0849 0.2078 -0.1566 
3.5677 1.8526 1.8781 -0.0204 -0.0987 -0.0621 
3.5397 2.8605 3.2233 -0.1369 -0.1628 -0.0191 
2.8745 5.1862 4.0429 -0.0654 0.1014 -0.0586 
1.2575 5.3622 3.9725 0.1804 -0.1694 -0.0034 
1.5219 1.9370 3.4927 0.0712 0.0374 0.1026 
0.5149 1.6369 2.1505 0.0280 -0.1582 0.0279 
0.7740 0.9252 3.0935 -0.1270 0.0873 0.0289 
-0.1880 0.0181 2.3075 -0.0249 -0.0427 -0.0665 
-0.2274 2.3605 2.6162 -0.0412 -0.0349 -0.3537 
-0.9279 2.3079 1.5266 -0.0013 0.0633 0.0574 
2.4153 0.5912 0.2552 0.0588 -0.0722 0.1290 
1.4654 -0.3622 -0.6486 0.0462 0.2059 0.0567 
1.7685 4.5292 3.6186 -0.0299 0.0334 0.0121 
1.9584 4.3358 4.7275 0.0444 0.0088 -0.0306 
3.5571 -0.5456 1.7629 0.2700 -0.0704 0.0205 
4.6262 -0.6184 2.6395 0.1850 -0.0063 0.1586 
4.2311 2.4267 4.2560 -0.1182 0.1948 0.0688 
5.3764 2.9057 5.0324 -0.0667 -0.1260 0.0890 
3.4505 3.7261 1.4819 0.0563 -0.1848 0.0225 
4.3499 3.7912 3.0788 -0.1394 -0.1557 -0.0207 
5.2460 4.5977 1.9925 0.0658 0.0954 0.0330 
4.7757 4.9752 3.4218 -0.0788 -0.0951 -0.0948 
5.1268 2.1728 0.4564 -0.1435 -0.0653 -0.0725 
5.3608 0.8622 1.5065 0.0485 -0.0725 -0.0797 
2.1951 0.9234 2.9619 -0.2249 0.0561 0.0870 
2.7332 1.2502 4.3860 -0.1066 -0.2148 -0.2376 
2.1746 0.0489 3.6488 0.1255 0.0036 0.2053 
2.4113 -1.7607 4.5884 -0.0159 0.2842 -0.1687 
3.2672 1.1431 5.6523 0.0305 -0.0801 0.2891 
2.7716 0.7598 7.2545 -0.0259 0.1786 0.2127 
4.6220 4.3440 0.0413 -0.1365 0.1028 0.0178 
4.6068 5.4212 -1.1310 0.0904 0.0684 0.1106 
5.2805 2.4774 0.9283 0.0915 0.0930 -0.2418 
5.6430 1.7733 -0.3516 0.2540 0.0087 0.0672 
2.0572 1.7566 3.2647 0.1537 0.1335 0.1106 
3.1092 1.4159 3.9470 0.1668 -0.0344 0.0432 
2.0838 1.6837 1.5182 0.1499 0.0137 0.0045 
2.1222 1.9471 2.9129 -0.2374 -0.0508 0.1372 
2.6887 3.7366 2.0872 0.1374 -0.1375 0.0755 
1.0236 4.2288 1.2927 -0.1315 0.1608 -0.0219 
0.5121 1.8874 1.6138 0.0080 0.0285 0.0305 
1.6302 2.3811 1.7180 0.0041 0.2061 -0.0797 
2.9708 3.7195 2.7683 0.0083 0.1260 0.1032 
1.9700 4.2971 2.1082 -0.2167 0.2064 0.0814 
5.8660 3.6416 2.1083 0.1888 -0.0822 0.0061 
7.3340 3.6199 2.5025 0.0386 0.0005 0.0114 
1.2262 4.2054 3.6817 -0.1145 0.0076 -0.0792 
1.3768 6.2491 2.7228 -0.0822 -0.0693 0.1119 
4.2249 1.0360 -0.1498 0.2406 -0.1440 -0.0897 
4.6919 -0.2775 -1.0322 -0.0396 -0.0171 0.1230 
2.4463 4.1987 0.8618 0.1411 0.1045 0.0137 
2.9498 3.1875 1.6812 -0.0682 -0.0730 0.0714 
3.5414 -0.4499 2.9224 -0.0170 0.0348 0.0358 
4.4126 0.4561 2.9362 -0.0377 -0.2425 -0.0091 
1.7129 2.6360 4.6923 -0.1264 -0.2293 -0.1264 
2.1431 2.2413 4.8539 -0.0438 -0.2217 -0.0474 
0.1439 3.2688 1.3171 0.1186 -0.0250 0.1129 
-0.8628 3.2334 1.0698 -0.0751 -0.1397 -0.0060 
1.1119 5.1912 1.8608 -0.0085 0.0216 0.0438 
0.5113 4.6183 0.5927 -0.0519 -0.0661 0.0549 
3.4577 5.3726 3.0554 -0.1656 0.2086 -0.0681 
1.8669 5.4728 4.1921 -0.0203 -0.1569 -0.0388 
5.4019 2.0914 4.7131 0.2125 -0.0832 0.0063 
6.6058 2.7875 5.2163 0.0988 0.0854 -0.0726 
1.3614 3.5790 1.7846 0.0504 0.0092 0.1273 
0.9682 2.8984 2.2500 -0.2208 0.1987 0.0434 
3.6560 1.8970 0.3269 0.2140 -0.2454 -0.1245 
3.8076 2.9684 0.0313 -0.0143 -0.1615 0.0994 
1.6916 3.8997 -0.2610 -0.1256 0.2493 0.0556 
1.1324 5.2822 0.0605 0.0520 -0.1227 -0.1158 
4.3595 0.5625 3.6901 -0.0856 -0.0648 -0.1053 
4.6093 0.4115 4.6102 0.1069 0.0426 -0.0077 
3.1894 3.2048 5.9774 0.0617 -0.0087 -0.0325 
3.4628 4.0796 7.1132 0.1705 -0.0489 0.0118 
5.2072 1.0105 1.0628 0.0442 -0.1079 -0.1889 
4.7053 -0.7176 1.0711 -0.0127 0.0261 0.0513 
0.4988 0.8497 0.3341 0.0233 0.1214 -0.0434 
-1.3644 -0.0703 0.3176 -0.1790 0.2049 0.0160 
1.0505 1.3588 5.8576 -0.0430 -0.0072 -0.1302 
2.0428 1.4336 5.2552 -0.2393 0.2584 0.2108 
-0.0775 1.9596 2.2607 -0.1283 0.0841 -0.1574 
-0.3800 0.9013 2.2363 -0.1065 0.0487 0.0412 
3.8498 3.7264 4.6048 -0.0157 -0.0332 -0.1446 
2.5945 2.7749 4.4649 -0.1050 0.0959 0.0025 
2.5792 3.8757 1.3444 -0.1033 0.2121 0.0011 
3.1635 4.7195 1.5406 -0.1007 0.0947 0.2260 
0.3935 0.9473 3.1375 0.0363 -0.0565 -0.1107 
0.6896 2.4485 4.0135 -0.2052 0.0819 -0.0146 
2.1218 2.9020 2.5370 -0.0697 -0.1487 -0.0912 
2.5882 4.0422 3.1698 -0.1416 -0.1145 -0.1757 
4.8681 4.2936 3.0336 -0.0162 -0.1792 0.0420 
6.3250 4.9338 3.7799 -0.1435 -0.0536 -0.1119 
