0
1.0437 1.1687 0.6737 0.1489 -0.2515 0.0702 
1.2058 1.4440 0.3412 -0.3155 0.6653 0.2362 
0.9832 1.8032 0.2100 0.1447 -0.2377 -0.5200 
0.6805 2.0428 0.3160 -0.4209 -0.2851 -0.0085 
0.4138 2.3930 0.3745 -0.1296 -0.0098 0.3879 
0.2237 2.7058 0.0730 0.1335 0.1100 0.0414 
0.1630 3.1400 0.0785 -0.3806 0.3823 -0.1047 
0.1092 3.5892 0.1202 0.3488 -0.1096 0.1695 
0.2250 3.8895 0.4513 0.1672 0.0647 -0.0476 
0.2825 4.2728 0.5650 0.6489 0.2555 -0.4046 
5.1342 2.3840 5.3312 0.0108 -0.1664 0.0844 
5.2412 2.5245 5.7450 -0.2629 0.3171 0.0983 
5.3232 2.8935 5.8055 -0.1299 0.0347 -0.2816 
5.4760 3.3042 5.9340 -0.1002 -0.2542 0.4000 
5.7845 3.5210 6.1588 0.1893 0.1671 -0.0547 
5.9455 3.8638 6.1455 0.0808 0.0548 -0.2568 
6.1522 4.2807 6.0735 -0.0797 -0.0779 0.0100 
6.1018 4.7215 6.1822 0.2894 0.3521 -0.0019 
6.1562 5.1883 6.2025 -0.1085 -0.0980 0.3065 
6.4508 5.4527 6.0817 0.3674 0.0975 -0.1003 
4.1225 3.1665 2.1210 -0.0213 0.1381 0.0849 
3.8912 2.7610 2.2052 0.2670 0.4418 -0.1508 
3.5410 2.7343 2.0480 0.1342 -0.0068 0.4629 
3.6065 3.0642 1.8300 -0.5164 0.3190 -0.2148 
3.7868 3.5325 1.9455 0.5755 0.1847 -0.0570 
4.0373 3.8043 2.1265 -0.0105 0.1602 0.4067 
4.3897 3.7402 1.9110 0.1112 0.1111 0.1280 
4.7110 3.8813 1.5652 0.1062 -0.1064 0.1245 
4.9863 3.7830 1.2443 0.2891 -0.3502 0.0859 
5.3265 3.6840 1.0335 0.1408 0.1054 -0.2393 
2.4540 0.5610 3.1115 -0.0128 0.3785 -0.1764 
2.6702 0.9260 3.1200 -0.0237 0.0486 0.1531 
2.8855 1.3055 3.3820 -0.1507 0.2249 0.0680 
3.2067 1.5543 3.6985 0.2395 -0.1289 0.0735 
3.5330 1.4108 3.7482 0.4338 -0.0527 -0.2579 
3.8887 1.1920 3.4730 -0.3425 0.0215 -0.0711 
4.0830 1.3755 3.1042 -0.0968 0.6402 0.2558 
4.1280 1.4565 2.6330 0.4444 0.0160 0.0070 
4.4108 1.4470 2.2687 -0.5678 -0.0509 0.1347 
4.6673 1.6870 2.0562 -0.5035 -0.2561 0.3227 
3.3598 0.1827 1.9293 0.3286 0.1263 -0.4671 
3.6377 0.2030 2.2548 -0.2916 -0.3782 -0.4504 
3.7730 -0.1300 2.5892 -0.1005 0.2545 -0.1872 
3.8715 -0.5485 2.5008 0.3751 0.1379 -0.2785 
4.1402 -0.6538 2.2035 -0.0406 0.3556 0.0886 
4.1398 -1.0450 2.1680 -0.3534 0.0499 0.2799 
4.2920 -1.3350 2.4953 -0.1906 0.2477 -0.3397 
4.4878 -1.5333 2.9278 -0.1543 0.0203 0.4424 
4.4842 -1.6027 3.3795 0.1333 -0.1333 -0.1525 
4.4998 -1.5822 3.8478 0.1885 -0.0592 -0.4174 
2.7702 3.2130 3.5957 -0.2288 -0.7265 0.0159 
2.3987 3.2372 3.3647 0.2065 -0.0335 0.0285 
2.3675 2.9177 3.0668 -0.0640 0.1779 -0.0215 
2.3063 2.6178 2.7430 -0.1923 0.8204 0.5803 
2.2455 2.5125 2.2742 -0.6869 0.4859 -0.1748 
2.3113 2.4218 1.8310 0.0721 0.1715 -0.0913 
2.5925 2.4058 1.4370 -0.1398 0.0502 -0.0732 
2.9960 2.5048 1.2965 -0.1241 0.2400 0.3980 
3.3538 2.7763 1.3120 0.2872 -0.0944 -0.1378 
3.7128 3.0452 1.3890 -0.1640 0.2977 -0.3337 
2.9840 3.6803 0.2568 -0.1079 0.4311 0.2218 
3.3567 3.7570 0.1610 0.4377 -0.0682 0.3510 
3.4910 4.0072 0.5278 -0.2321 -0.1230 0.0940 
3.6170 4.3567 0.8177 0.4383 0.4369 -0.0763 
3.5067 4.8095 0.9975 0.1530 -0.6586 -0.2340 
3.3872 5.2380 1.0620 0.0216 0.1405 0.0902 
2.9612 5.4623 0.8818 0.1205 0.2396 -0.3752 
2.8345 5.5200 0.4515 -0.0257 -0.6091 0.4556 
2.7705 5.3920 0.0143 -0.4068 0.2876 0.4925 
2.3615 5.4500 -0.0833 0.5413 -0.4271 -0.1411 
3.0823 0.7448 1.9552 0.2200 0.0056 0.0970 
3.4910 0.7267 1.9965 0.1239 -0.2132 -0.1010 
3.7215 0.9960 1.7548 -0.3495 -0.2092 -0.0551 
3.7670 1.4685 1.6715 0.1637 -0.2530 -0.4987 
3.9693 1.7275 1.5028 0.1518 0.3074 -0.2777 
4.4245 1.7815 1.5348 -0.4546 -0.0417 -0.0782 
4.7545 2.1113 1.5835 -0.3113 0.0798 -0.0416 
4.9093 2.5157 1.3712 -0.6369 0.1896 0.2762 
5.3150 2.7577 1.4042 -0.3720 0.0780 -0.1299 
5.6665 2.7695 1.7065 -0.0831 0.4568 0.1313 
3.0010 0.1743 3.0473 -0.2818 0.2757 -0.2812 
2.8033 0.4590 2.7122 0.0207 -0.0694 -0.3393 
2.9072 0.8585 2.4680 0.2630 0.3510 0.1573 
2.8243 1.3033 2.5130 -0.0474 0.0424 -0.4929 
2.9210 1.7180 2.3243 0.0536 0.4551 -0.3003 
3.3213 1.9075 2.2680 0.0644 0.7821 -0.2733 
3.6595 1.9195 2.0255 0.2394 -0.1043 0.2430 
4.0188 2.1855 2.0170 0.1211 0.0429 0.0487 
4.3688 2.5202 2.1392 0.1339 -0.2423 0.1943 
4.5740 2.9225 2.2100 0.7475 0.2244 -0.0805 
1.9715 3.4252 0.2288 -0.4430 -0.2731 -0.1128 
1.6008 3.5840 0.4535 -0.3248 0.3817 -0.1305 
1.4728 3.9132 0.7713 -0.4651 -0.0228 -0.3317 
1.3018 4.0892 1.1815 0.0487 0.0180 0.4257 
1.0533 3.8740 1.4863 -0.2220 0.0467 0.2175 
1.1220 3.4730 1.5842 0.3525 0.3379 -0.0119 
1.3162 3.5213 1.2700 -0.0682 0.3617 -0.5976 
0.9975 3.7032 1.0403 -0.3296 -0.1434 -0.2709 
0.7190 4.0842 1.1038 -0.2143 0.1680 -0.1913 
0.3962 4.4377 1.0208 -0.1376 -0.4827 0.0298 
4.9478 3.0905 0.7652 -0.0176 -0.2043 -0.2859 
4.8120 2.9507 1.1753 -0.1298 0.3772 -0.1175 
4.7387 2.9467 1.6410 0.2057 -0.3597 0.1512 
4.9135 3.2403 1.8600 0.1239 -0.0952 -0.5523 
4.7935 3.4768 2.0945 0.0421 -0.0343 0.1103 
5.0290 3.2917 2.4688 -0.2421 -0.6928 0.2467 
5.2425 3.1457 2.8855 0.0672 0.2031 -0.1161 
5.1260 3.0365 3.3373 0.4306 0.0062 -0.0197 
5.1158 3.0993 3.7620 0.0359 -0.3551 0.2209 
5.2583 3.3897 4.0473 0.4749 0.1611 0.1634 
4.8265 4.1268 2.7485 -0.6051 0.2469 -0.2035 
4.9398 4.3200 2.3247 -0.1540 0.1850 -0.1161 
4.7702 4.5827 2.0055 -0.0948 0.1533 0.1737 
4.3837 4.8323 1.8027 -0.2717 0.4562 0.4166 
4.2890 5.1262 1.5022 -0.3310 0.3454 0.2599 
4.5735 5.2708 1.1580 0.4307 0.1984 0.1553 
4.8513 5.4260 0.7863 0.0708 -0.3473 -0.2768 
5.0680 5.6420 0.3942 -0.3509 0.0895 -0.0140 
5.1267 5.9908 0.1505 -0.0100 0.4440 0.1781 
4.7155 6.1913 0.1760 -0.6921 0.0561 0.0450 
4.4477 3.2390 1.6248 -0.2199 0.0190 0.0494 
4.8105 3.3335 1.3745 -0.2007 -0.4676 0.0002 
5.2353 3.2348 1.1847 -0.2976 -0.1235 0.1263 
5.5467 3.0535 0.9075 0.1189 -0.1640 -0.1324 
5.6022 2.6303 0.9057 0.1083 0.0799 -0.1562 
5.2850 2.4035 0.9040 -0.2247 0.2796 -0.3644 
4.8838 2.5192 0.7060 -0.1418 0.0704 0.1343 
4.8520 2.8178 0.3545 0.1317 -0.4230 0.0030 
5.0053 3.1515 0.0535 0.0486 0.4844 -0.0191 
5.1952 3.3285 -0.3748 0.2106 0.1940 0.2021 
0.7260 0.7050 2.8828 -0.0176 -0.1039 0.0092 
0.8832 0.8315 2.5057 0.5368 0.4770 0.1214 
1.1600 0.7408 2.1347 -0.1768 0.1333 0.4684 
1.0508 0.4932 1.8013 0.0974 -0.1031 -0.3501 
0.6660 0.5590 1.4978 0.5812 0.2274 0.1823 
0.3305 0.7017 1.1652 -0.3261 0.0989 -0.2673 
0.3705 0.9872 0.7920 -0.0776 -0.2117 -0.4396 
0.2080 1.3863 0.6162 -0.3203 0.1515 -0.4443 
0.3297 1.7835 0.6292 0.3947 -0.3995 0.2236 
0.5625 2.1450 0.8055 -0.4137 -0.2487 0.1859 
3.7155 1.9917 3.6503 0.2135 -0.0210 -0.3073 
3.8282 1.7343 3.2963 -0.2808 -0.5630 0.1042 
3.6813 1.6660 2.8100 -0.2984 0.1608 -0.2503 
3.6820 1.3795 2.4752 0.1881 0.3406 -0.3825 
3.9655 1.2815 2.0747 0.0568 -0.0390 -0.2500 
4.3420 1.3273 1.7400 -0.3714 -0.1849 0.2131 
4.7540 1.3373 1.6210 -0.3621 0.1220 0.2846 
5.1843 1.2177 1.4220 0.0861 -0.1003 0.2339 
5.6137 1.2517 1.2717 0.5637 -0.0555 -0.2699 
5.8540 1.4817 1.0168 -0.2676 0.2273 -0.0829 
0.1432 1.0135 2.6232 -0.1292 -0.3100 0.3112 
0.3668 0.6435 2.4225 0.1091 0.3219 -0.2274 
0.3373 0.2530 2.2262 0.0300 0.4261 -0.3466 
0.6215 -0.0252 1.9410 0.0735 0.0085 -0.1195 
0.9510 -0.2537 1.7727 -0.0870 0.3072 -0.3337 
1.2937 -0.5915 1.6817 0.6036 0.1288 -0.0844 
1.5092 -0.9692 1.5070 0.0412 -0.3667 -0.0326 
1.5600 -1.4123 1.5455 -0.0876 -0.0356 -0.3626 
1.7545 -1.5885 1.1925 -0.3147 -0.0098 -0.2840 
2.1532 -1.5810 1.0820 -0.3001 0.0485 -0.1676 
1.6593 1.8228 3.8670 0.3489 0.1131 0.2575 
1.6015 2.1610 4.1348 -0.4707 -0.1086 -0.1142 
1.4623 2.4992 4.2622 -0.4617 0.0628 -0.5164 
1.6410 2.9468 4.3008 -0.1023 0.1451 0.0895 
1.5818 3.3500 4.4663 0.1439 0.0651 -0.1621 
1.2260 3.6108 4.3610 0.2592 -0.0159 0.1299 
0.7575 3.5048 4.3872 -0.0495 0.0989 0.1087 
0.4090 3.7235 4.6208 -0.0542 0.0648 -0.1250 
0.0995 3.7838 4.9593 0.3656 -0.3102 0.1494 
-0.1368 3.8972 5.3505 -0.2717 -0.0110 0.2704 
1.4790 0.2107 2.3607 0.1403 0.3200 0.3456 
1.6558 0.2690 1.9737 0.0890 -0.0747 -0.5852 
1.6683 0.6755 1.6385 0.2579 0.4716 0.3125 
1.9647 0.9365 1.4327 -0.1514 0.1254 0.5956 
2.4242 0.8608 1.4785 -0.0062 -0.0505 0.2000 
2.8590 0.8770 1.3782 -0.0592 -0.4320 0.1908 
3.2738 0.9513 1.1425 0.0786 -0.0482 0.1176 
3.4660 1.3302 1.1570 -0.4254 0.3276 -0.1372 
3.5208 1.8275 1.2220 -0.3050 -0.3487 -0.0412 
3.3925 2.1760 1.4693 -0.5593 -0.1094 -0.0579 
4.0895 4.7880 4.8338 -0.1241 0.0647 0.3673 
3.8340 4.6195 4.4535 0.0787 -0.1634 0.2945 
3.8268 4.3552 4.1108 0.3585 -0.1986 -0.4940 
4.2092 4.1862 3.9290 0.2175 -0.3479 -0.0191 
4.5002 4.4125 3.6185 0.1124 -0.0852 0.2741 
4.8777 4.3905 3.7160 0.1892 0.0271 0.2506 
5.3160 4.4860 3.8558 -0.1041 -0.6088 0.4484 
5.7145 4.7605 3.7955 0.2003 0.0240 -0.3137 
6.0668 4.6707 3.5137 -0.1593 -0.4147 0.4938 
6.2065 4.5068 3.1050 0.2390 -0.0154 -0.1026 
1.9962 2.1695 2.1753 -0.4214 0.0253 0.0289 
2.0550 1.8485 2.0785 -0.0805 0.0521 0.3739 
1.6652 1.6613 1.9882 0.4493 0.2322 0.2422 
1.2540 1.4447 1.9007 -0.0815 -0.1316 -0.0878 
1.0465 1.0477 1.8333 -0.1090 -0.2108 0.0148 
1.1210 0.7935 1.4933 0.1607 0.1827 -0.1773 
1.3268 0.3768 1.5078 -0.0190 0.4003 -0.0472 
1.3163 0.0133 1.8043 -0.1267 -0.0233 -0.2733 
1.4410 -0.2792 2.0965 -0.2074 -0.1559 0.3951 
1.6365 -0.3890 2.4865 0.1689 0.2124 0.1388 
5.0642 1.7252 3.2843 0.2999 -0.1123 -0.1968 
4.7165 1.8340 3.4235 0.0453 0.3370 -0.0929 
4.4737 2.1220 3.6763 0.2231 -0.0292 -0.1864 
4.2050 2.5360 3.7553 -0.0236 -0.0878 0.0514 
3.9003 2.9125 3.7575 0.4087 0.2516 -0.4435 
3.5540 3.1872 3.8217 -0.0256 0.4440 -0.1071 
3.2945 3.5078 3.7535 0.2691 0.0633 0.2840 
3.2060 3.6498 3.4047 -0.2149 0.0632 -0.0482 
3.5158 3.7183 3.0270 0.2344 0.1827 -0.1925 
3.7630 3.8245 2.7200 -0.1091 0.1993 0.1462 
0.9755 1.7498 3.0107 -0.0939 -0.3594 0.0602 
1.4297 1.9110 3.1528 -0.1567 0.1186 -0.0680 
1.8733 1.9780 3.0240 0.1782 -0.1091 0.1169 
2.3110 1.9575 2.7815 -0.5362 0.1434 0.5794 
2.5587 2.0438 2.4263 -0.1086 0.0156 0.1196 
2.8607 2.1927 2.5075 -0.2487 -0.1697 -0.2590 
2.9120 1.9552 2.8222 0.3820 -0.0850 0.0215 
3.1330 1.5385 2.8710 -0.4051 -0.1684 0.3001 
3.3920 1.4045 3.1495 -0.3997 -0.0970 -0.5766 
3.2947 1.0675 3.3748 -0.1149 -0.1185 0.4723 
0.0655 1.2752 2.1260 -0.2660 0.0239 0.3904 
-0.2465 1.5305 2.2523 0.1188 -0.2591 0.2431 
-0.4385 1.8160 2.5600 -0.0857 0.3058 -0.0231 
-0.4328 2.1875 2.8207 0.2163 -0.4690 0.3379 
-0.5440 2.3230 3.1793 0.1375 -0.2057 -0.3693 
-0.8705 2.5892 3.3750 -0.4609 -0.4844 0.1133 
-0.7987 2.8660 3.7335 -0.2699 0.2657 -0.1059 
-0.9292 3.1830 4.0637 0.4563 -0.3272 0.5155 
-1.2695 3.3455 4.3375 -0.1082 0.1524 -0.2722 
-1.4243 3.0300 4.4998 0.2799 -0.2771 0.1353 
2.6932 0.8930 4.5525 0.1004 0.0956 0.3569 
2.7200 0.4808 4.2677 -0.1016 0.2188 -0.1038 
2.7275 0.2860 3.9290 0.4930 0.4549 -0.0189 
2.7688 0.5625 3.5390 0.4255 0.3306 0.3952 
3.0105 0.6583 3.1140 0.0156 -0.3369 0.4270 
3.2705 0.8980 2.8530 0.2139 -0.4013 0.3463 
3.2595 1.1933 2.4990 -0.2885 0.0007 0.2276 
3.1878 1.2958 2.0795 -0.0728 -0.2866 -0.1366 
2.7925 1.3025 1.9850 0.4008 -0.4350 0.0203 
2.4775 1.6305 1.9025 -0.2169 0.1386 -0.2261 
4.4555 4.6950 2.5068 0.2480 -0.1511 -0.4065 
4.1625 4.4360 2.6917 -0.0799 -0.3892 -0.0998 
3.7647 4.2843 2.5863 0.4165 -0.1367 -0.1507 
3.4412 4.1115 2.2452 0.1683 -0.3908 0.2155 
3.4895 4.0922 1.8145 -0.0096 -0.1817 0.2465 
3.9048 3.9715 1.6317 -0.1205 -0.1874 0.5991 
4.2058 3.6973 1.4163 0.1147 0.5281 -0.3318 
4.1795 3.3645 1.1430 0.1710 -0.2073 -0.1640 
4.1135 2.9627 1.2635 0.0574 0.1912 0.0577 
4.0455 2.7480 1.6238 0.4214 -0.5891 0.0829 
2.7858 2.3317 3.1067 -0.1375 -0.5342 0.6115 
2.6517 2.1717 3.5205 -0.3087 -0.4454 0.2370 
2.5560 1.9890 3.9315 -0.4703 0.1463 -0.0250 
2.5547 1.6485 4.2758 -0.1459 0.0035 -0.0225 
2.3942 1.3175 4.3268 0.0269 0.5813 0.3065 
1.9948 1.5307 4.4620 0.1790 0.1166 -0.0986 
1.9552 1.8825 4.6170 0.2034 -0.2171 0.1320 
2.3490 2.1150 4.5948 -0.2821 0.2033 0.3726 
2.2935 2.4402 4.4170 0.2407 -0.0514 -0.2473 
1.9115 2.5048 4.3820 0.1749 -0.4610 0.0366 
2.9973 1.4583 4.1175 -0.3184 -0.0689 0.0632 
3.0185 1.5195 4.5638 0.2058 -0.1509 -0.1551 
2.9333 1.7032 5.0175 0.5978 -0.4809 -0.0234 
3.1755 2.0112 5.1703 0.0730 -0.4415 0.0837 
3.5602 2.0875 5.3643 0.0930 0.2324 0.1255 
3.9962 1.9980 5.2810 -0.1378 -0.2493 0.3719 
4.4070 2.1113 5.3045 -0.1554 -0.0715 0.5116 
4.7940 2.0495 5.4602 0.0175 0.1376 0.0992 
4.6510 2.2687 5.8502 0.0005 -0.2215 0.0394 
4.2485 2.3832 6.1158 -0.1710 -0.2869 -0.2635 
1.8800 0.5355 2.4320 -0.0382 -0.5834 -0.0697 
1.6235 0.8303 2.1378 0.1003 -0.2809 -0.1915 
1.5048 1.1200 1.8097 -0.1682 -0.0921 0.4732 
1.4975 1.1605 1.4220 0.0177 0.1169 0.1067 
1.4660 0.9352 1.0550 0.5347 0.5170 0.2173 
1.6290 0.6090 0.9527 -0.2059 0.1429 -0.3019 
1.9610 0.8710 0.9768 0.0518 0.4602 -0.0567 
2.3603 1.1220 0.8658 -0.0905 -0.1406 -0.1210 
2.7603 1.0265 0.7770 0.2661 0.0790 0.6816 
2.6423 0.6345 0.8045 0.3648 -0.3350 -0.4100 
0.4642 1.8127 4.8513 0.0859 -0.5327 -0.2025 
0.3225 1.6528 4.5195 0.3447 0.1242 -0.4587 
0.0293 1.8678 4.2800 -0.3132 0.0942 0.1868 
0.1375 2.2073 3.9638 -0.2393 -0.1138 0.3327 
0.1845 2.5905 3.6755 -0.2226 -0.3966 -0.4879 
0.2177 2.9430 3.3912 -0.2366 0.2411 0.1447 
0.6208 2.9530 3.2803 0.0963 -0.0554 0.1207 
0.7150 2.9642 3.6132 0.3425 -0.4071 -0.1168 
0.3920 3.2338 3.7308 0.4314 0.1166 0.0152 
0.0488 3.3557 3.6113 -0.1499 -0.3069 -0.0671 
1.4190 3.6735 3.7038 0.2633 -0.3923 0.0884 
1.6830 4.0800 3.7365 -0.3093 0.1360 -0.3277 
1.6965 4.4380 3.4240 -0.2056 0.2518 -0.4029 
1.9267 4.6478 3.1900 -0.0072 -0.0497 0.1704 
2.3163 4.5202 3.4203 0.2246 0.0060 0.1493 
2.6022 4.3993 3.7687 -0.3328 -0.1626 0.0392 
2.9260 4.2690 4.0515 0.2859 0.0221 -0.3741 
3.1875 4.3145 4.4175 0.1701 -0.2969 0.1118 
3.4333 4.1327 4.7355 -0.1041 -0.2254 0.1780 
3.6470 3.7268 4.7245 -0.2334 -0.0573 -0.1502 
2.3528 1.3230 3.2767 -0.5403 -0.1745 -0.1375 
1.9313 1.4518 3.4452 0.4583 -0.6629 -0.2700 
1.4862 1.4670 3.3635 0.3977 0.2883 0.2251 
1.0597 1.4505 3.4045 0.3583 0.3462 0.2286 
0.6985 1.4718 3.6547 0.0157 -0.1150 -0.5678 
0.3170 1.4387 3.7085 0.0561 -0.0258 0.5128 
0.3110 1.6890 3.9568 -0.1160 -0.4331 -0.0129 
0.7795 1.6890 4.1110 0.3226 0.1793 0.8231 
1.1955 1.8328 4.0760 -0.0349 -0.0137 0.5951 
1.3490 2.1707 3.7605 -0.4091 -0.0618 -0.4373 
5.0040 4.7348 4.2123 -0.3109 -0.0130 -0.0990 
5.0637 4.9533 3.8460 0.1115 -0.5877 0.2934 
5.4742 5.1227 3.7083 -0.1197 -0.1784 -0.1532 
5.7968 5.1212 3.3388 0.0270 -0.3543 0.3792 
5.9902 5.1612 2.9233 0.4549 -0.2772 -0.0964 
6.3225 5.1843 2.8170 0.4039 -0.1928 -0.3656 
6.6870 5.3625 3.0485 0.1045 0.1048 -0.1783 
7.0225 5.5687 2.9100 0.3531 -0.0886 -0.0842 
7.2967 5.4343 2.5100 0.0825 0.0408 0.0635 
7.4313 5.3007 2.1285 0.1359 0.2391 0.3125 
0.2042 3.7502 1.7953 -0.0066 0.3105 -0.0116 
0.4818 4.0898 1.6667 -0.1656 -0.3819 -0.0388 
0.3595 4.4420 1.5428 -0.2170 0.2691 -0.0616 
0.0825 4.2650 1.3207 0.4089 0.2967 -0.0943 
0.3205 3.9065 1.2610 -0.3037 -0.1061 0.2967 
0.6280 3.5405 1.3133 -0.2697 0.2781 0.4418 
0.8922 3.1322 1.2382 0.1313 0.0489 -0.4632 
0.9670 2.6840 1.2768 -0.0579 -0.1090 -0.5254 
1.1670 2.4148 1.0837 0.3478 -0.1882 -0.0559 
1.6022 2.4598 1.2420 -0.0742 0.0513 -0.7383 
1.7365 4.3705 2.8085 0.0406 0.2128 0.0359 
2.1242 4.1775 2.9660 -0.0030 0.4967 0.1189 
2.5525 4.2382 2.8847 -0.1611 0.2802 0.1566 
2.7290 3.9870 2.5300 -0.5529 -0.1040 0.4502 
2.5995 3.5980 2.4260 0.2470 0.2147 -0.1207 
2.3998 3.1945 2.4837 0.1770 0.5067 0.3573 
2.5975 2.9030 2.1470 -0.0076 0.1591 0.1340 
2.4457 2.8708 1.7923 0.2407 0.2134 -0.1531 
2.2335 3.2700 1.7107 0.2277 0.2591 0.4362 
2.0583 3.7597 1.6457 -0.4457 0.7678 -0.3111 
0.5593 4.6885 2.1102 -0.1269 -0.6569 0.0204 
0.2595 4.5020 2.1437 0.3697 0.4927 -0.6687 
0.1070 4.1850 1.9303 -0.3641 -0.2638 -0.0769 
-0.2980 4.1058 1.8305 0.0061 -0.4373 -0.2330 
-0.3140 3.7363 1.7255 -0.3285 -0.4772 0.0405 
-0.0105 3.5225 1.4763 0.1366 0.0747 -0.1723 
0.3230 3.2205 1.3332 0.2172 -0.3800 0.0344 
0.5360 2.7468 1.2925 -0.1420 0.5724 -0.0554 
0.3700 2.3238 1.3420 -0.3206 -0.0717 0.1146 
0.2405 1.8850 1.3330 -0.2757 0.3169 0.2867 
0.3640 3.7725 3.2025 0.1147 -0.2179 -0.5162 
0.6193 3.4583 3.0390 -0.2479 0.2203 -0.4014 
0.7635 3.3030 2.7015 0.1858 -0.1420 0.1549 
1.0880 3.5010 2.4558 -0.6853 -0.1357 -0.4630 
1.4818 3.5267 2.5725 -0.0773 0.4011 0.0840 
1.6785 3.8293 2.6653 0.0082 -0.0910 0.3376 
1.7922 3.8820 2.3277 0.1771 0.2198 -0.4098 
2.0017 3.5497 2.4990 -0.1728 0.0634 -0.1127 
2.0365 3.5293 2.9300 -0.2650 -0.1922 0.0386 
2.0285 3.6058 3.3963 -0.3634 0.1801 -0.2181 
2.5507 1.0715 5.1925 -0.0723 0.1954 0.3859 
2.3145 1.4940 5.2985 -0.3487 -0.1544 0.3291 
1.9710 1.6587 5.3907 -0.1777 0.2129 -0.0379 
1.6698 1.5148 5.6092 -0.0107 -0.2755 0.0154 
1.7772 1.7448 5.8560 0.1070 -0.0156 0.0108 
1.9192 1.9217 6.2455 -0.2526 -0.2293 -0.1725 
2.2540 1.8952 6.5420 -0.3190 -0.2017 0.3031 
2.6765 1.9213 6.6415 0.3796 -0.2069 -0.2046 
3.0688 1.9105 6.5595 -0.1193 0.1519 0.2187 
3.0750 2.1798 6.2870 -0.1736 0.0279 0.0431 
1.1585 0.0055 0.0405 -0.2107 0.3133 0.1985 
1.0150 -0.3035 -0.2155 0.5566 0.2931 -0.2743 
1.0537 -0.6600 -0.2062 0.2210 0.0541 -0.1455 
1.3487 -0.9783 -0.0882 -0.2863 -0.2186 -0.1968 
1.2930 -1.2995 0.1813 0.1479 -0.4051 -0.0492 
0.8750 -1.4890 0.2035 0.3912 0.6197 -0.0063 
0.6318 -1.8295 0.2805 0.0647 0.0041 0.0107 
0.5753 -2.2083 0.1795 -0.6310 -0.1303 0.1928 
0.6645 -2.6195 0.0252 0.3755 -0.1118 0.0906 
0.9745 -3.0042 0.0518 -0.0877 -0.0876 -0.2995 
0.0585 4.6905 3.4348 -0.3203 0.5143 -0.0262 
-0.3752 4.5840 3.3727 -0.3140 -0.0874 -0.3735 
-0.5785 4.6147 2.9642 -0.2444 -0.1760 0.3553 
-0.5082 4.8157 2.5568 0.4998 0.1042 0.0335 
-0.6700 5.2027 2.2935 -0.1305 -0.0033 -0.0752 
-0.8987 5.4242 1.9720 -0.4813 -0.3749 0.2732 
-0.8290 5.5740 1.5370 -0.9098 0.0357 -0.1754 
-1.0165 5.6830 1.1973 0.4083 0.0768 -0.0880 
-0.8547 5.9558 0.8485 -0.1023 -0.3250 -0.2872 
-0.5565 6.1803 0.6428 -0.2746 0.0691 -0.3152 
3.8410 1.0685 1.2732 0.6055 -0.1566 -0.2330 
3.9005 0.7488 1.0958 0.3062 -0.4278 0.3417 
4.2512 1.0062 0.8827 -0.5623 0.0327 -0.0644 
4.6197 1.1787 0.8902 0.0585 0.0391 0.4022 
4.4878 1.1158 1.2238 -0.3826 -0.2835 -0.3162 
4.2320 0.8535 1.4635 -0.0599 0.1044 -0.2243 
3.9635 0.5055 1.5813 0.0569 0.2268 0.1175 
3.7578 0.1105 1.6118 0.1587 -0.2816 0.3103 
3.6570 -0.3845 1.5237 0.2432 0.3373 0.0837 
3.5005 -0.8408 1.3970 -0.0438 0.5243 0.2397 
1.5545 2.0252 -0.1070 -0.0164 0.1247 -0.0322 
1.6567 1.7308 -0.3315 0.7749 -0.3768 -0.1375 
1.8587 1.4892 -0.4607 0.0408 -0.4339 -0.2619 
2.3180 1.5707 -0.5723 -0.0327 -0.3097 -0.1309 
2.6615 1.8328 -0.6492 0.2404 -0.1699 -0.7780 
2.9515 2.1750 -0.8818 -0.3006 -0.0817 0.2936 
3.3807 2.3678 -0.9175 0.0965 0.1527 0.1753 
3.7965 2.3770 -0.7400 0.1884 0.0134 0.4183 
4.0857 2.4295 -0.4770 -0.0468 -0.1399 -0.3362 
4.2517 2.8438 -0.4947 0.0035 -0.0102 -0.0178 
0.7678 3.2085 0.7867 0.5108 0.6612 0.2593 
0.7445 2.8003 0.8010 -0.6142 -0.0539 -0.3685 
1.1720 2.8162 0.9125 0.0861 0.0149 -0.1013 
1.3975 2.9595 1.2572 0.1160 -0.4153 0.0001 
1.5815 3.0675 1.6553 -0.2070 -0.3289 0.4821 
1.7973 3.0335 2.0685 -0.3764 -0.1461 -0.2829 
2.1317 3.1923 2.1357 -0.2431 -0.0698 0.1411 
2.2828 3.6702 2.1285 0.3049 0.2994 -0.4243 
2.4173 4.1320 2.1780 -0.2297 -0.0234 0.3206 
2.5025 4.4635 2.4307 0.2380 0.3007 -0.2759 
3.3845 1.3460 0.5500 -0.2389 0.3657 0.1537 
3.3767 1.8237 0.4700 -0.1476 0.3748 -0.0964 
3.2308 1.7475 0.1393 0.0100 -0.0264 -0.1944 
3.1935 1.4155 -0.0750 0.0334 -0.1163 -0.0870 
3.0965 1.0483 -0.3565 0.6750 -0.1051 0.2288 
3.1940 0.6315 -0.4495 0.0446 0.3441 -0.4173 
3.1440 0.1835 -0.3990 0.1992 0.1543 -0.2327 
2.8453 -0.2220 -0.4532 -0.0292 -0.1109 0.1268 
2.5192 -0.3980 -0.2080 0.3332 0.5361 -0.6585 
2.1532 -0.4255 0.0600 0.1540 -0.4414 -0.1273 
5.1940 4.7123 1.8962 0.4081 -0.2481 -0.2885 
5.2207 4.6905 1.4923 -0.2893 0.0478 -0.0916 
5.4985 4.8838 1.1218 0.1755 0.1354 -0.0273 
5.6610 4.9000 0.7203 -0.1057 -0.0589 0.2337 
5.6510 4.9405 0.2787 0.5486 0.0135 0.1292 
5.9415 4.6442 0.1270 -0.0561 -0.3016 0.0809 
6.1267 4.3840 -0.2148 -0.2960 0.0147 0.1697 
6.4015 4.2498 -0.5275 -0.0670 0.0634 0.0484 
6.3010 4.2345 -0.9372 -0.0088 0.4581 0.7347 
5.9495 4.0350 -1.1140 0.4684 -0.1378 -0.1216 
3.3197 0.2978 0.5122 -0.1238 0.0456 -0.2493 
3.6037 -0.0988 0.6690 0.5138 0.3329 -0.3406 
3.8602 -0.5288 0.7240 -0.0827 -0.0746 -0.4285 
4.1585 -0.8662 0.6225 -0.3237 0.0077 -0.2931 
4.6030 -0.9465 0.4907 0.0602 0.2998 -0.0426 
4.5315 -1.3357 0.3908 -0.2303 0.0200 0.5552 
4.0895 -1.2997 0.3113 -0.0298 -0.5133 0.1620 
3.7338 -1.0553 0.3488 0.0219 -0.1854 0.2852 
3.4710 -0.7175 0.2928 0.5233 0.4451 -0.1579 
3.5610 -0.3070 0.2030 0.1418 -0.0059 -0.3607 
4.2295 5.2577 5.2685 -0.0142 -0.0762 0.3582 
3.8478 5.2405 5.1485 -0.0661 0.1602 -0.1882 
3.4745 5.2330 5.0217 -0.0620 0.2301 0.0512 
3.3375 4.8642 4.8578 0.0646 0.0555 0.7251 
3.4050 4.7400 4.4028 -0.3265 0.4409 0.5977 
3.5030 4.8582 3.9815 -0.0765 0.0459 0.0278 
3.4752 4.7350 3.5310 0.1451 0.1383 -0.0454 
3.1025 4.6585 3.3478 0.5169 -0.4687 -0.0485 
2.8155 4.3720 3.2242 0.0505 -0.0990 0.1886 
2.8818 3.9110 3.0820 -0.1016 0.0219 0.2104 
2.2405 -0.0365 3.5128 -0.0286 0.1732 0.5887 
2.0305 -0.3935 3.6103 0.3049 0.4759 -0.2516 
1.9760 -0.7768 3.8650 -0.1861 0.3488 0.2938 
2.1245 -1.1122 4.1315 -0.1983 -0.1854 -0.4399 
2.4975 -1.3958 4.0550 0.0698 -0.0584 0.5565 
2.7758 -1.7880 3.9270 0.3154 -0.1262 0.7140 
2.9722 -2.1692 4.0548 -0.2419 -0.3796 -0.2689 
3.1303 -2.5482 4.2852 -0.1068 -0.1255 0.1323 
3.0570 -2.7512 4.7242 -0.0442 -0.4975 0.3014 
2.8787 -3.1128 4.9280 0.1134 0.2583 -0.3490 
5.3085 2.0773 0.5210 -0.3434 -0.0119 0.0537 
5.5685 2.0530 0.1502 -0.2479 -0.0243 -0.4601 
5.8282 1.7953 -0.0315 0.0574 0.1929 -0.3339 
5.9730 1.3970 -0.1973 -0.0187 -0.0586 0.4689 
6.2375 1.0200 -0.2930 -0.1945 -0.2069 -0.0625 
6.6523 0.7975 -0.3260 0.0273 0.5732 0.5164 
6.8848 0.6370 -0.6385 0.2349 0.0598 0.3553 
7.0120 0.3968 -1.0063 0.2212 -0.5245 0.1270 
7.0658 0.0075 -1.2870 0.1487 0.2513 0.0879 
7.2750 -0.4007 -1.2065 -0.1438 -0.2862 0.4286 
1.4688 5.0743 0.7615 0.2042 -0.0892 -0.0495 
1.4770 5.1435 1.1505 0.1067 -0.0994 -0.1111 
1.0770 5.1140 1.3573 0.2927 0.2389 0.6542 
0.5983 5.0793 1.4523 0.2343 0.3175 -0.0562 
0.2735 5.3230 1.3653 0.3250 -0.3202 -0.6065 
0.4718 5.5847 1.1502 -0.2732 0.3874 -0.4103 
0.9467 5.6050 1.2512 0.2041 -0.3066 -0.5240 
1.4140 5.5828 1.1015 0.5832 -0.0782 -0.0806 
1.8495 5.6032 1.0297 -0.0086 0.1068 0.0688 
2.2812 5.8320 1.1678 -0.2238 -0.0223 0.1680 
5.1510 4.1945 0.7490 0.1691 -0.0607 0.0131 
5.1835 4.3822 0.3405 0.2792 0.4120 0.2611 
5.2482 4.6433 0.0413 -0.2495 0.0845 0.0431 
5.0158 4.4950 -0.3382 0.1979 -0.4357 0.0411 
4.9772 4.0580 -0.4522 -0.2076 0.0034 -0.1804 
4.8457 3.5983 -0.5302 -0.0289 -0.2229 0.1353 
4.6225 3.2540 -0.7723 0.4919 -0.1896 0.0139 
4.7852 2.9390 -1.0877 -0.1465 0.0817 0.6798 
5.1355 2.7080 -1.3215 0.0829 0.3311 0.2675 
5.1000 2.4115 -1.6272 0.1088 -0.0983 0.0141 
2.4752 5.3305 0.5135 0.1177 0.1661 0.0990 
2.3095 5.3125 0.8947 0.0352 0.1105 -0.0186 
2.1833 5.0160 1.2240 -0.0515 -0.0310 0.2560 
2.4867 4.8355 1.5078 0.0716 0.2043 0.1201 
2.6067 5.0450 1.8108 0.1003 -0.1847 -0.3570 
2.3632 4.9515 2.1603 -0.3475 0.1828 -0.1944 
2.4882 5.0198 2.5543 0.0778 0.0015 -0.4418 
2.9080 5.1460 2.7385 0.2035 -0.0627 -0.0368 
3.1880 5.0445 3.1110 -0.0915 -0.0267 -0.2449 
3.5025 5.2810 3.1095 0.2120 0.3469 -0.1223 
2.6102 3.8365 1.6852 -0.3362 0.7706 -0.3150 
2.7412 3.4080 1.9115 -0.3899 0.2223 0.1272 
3.0222 3.2772 2.1972 0.3055 -0.2725 0.1701 
3.4323 3.1147 2.3268 0.2315 0.2448 0.1110 
3.7117 2.9515 2.6418 0.0869 -0.1745 -0.2446 
3.7960 2.6495 2.8977 0.3415 -0.4726 -0.1671 
3.6380 2.2908 3.1185 0.1394 -0.2680 -0.2637 
3.3215 1.9845 3.3685 0.2421 0.0399 -0.1019 
2.9228 1.7917 3.2743 0.0208 -0.0655 0.1578 
2.4537 1.7288 3.1305 -0.5055 0.5704 -0.0012 
2.1107 4.7337 1.8390 0.0752 -0.3295 0.5354 
1.7345 4.7807 2.0065 -0.4590 -0.2141 -0.2043 
1.4227 4.6240 2.2590 -0.2639 -0.3021 0.1250 
1.0897 4.8788 2.2933 0.0971 0.4697 0.2815 
0.7248 5.1810 2.2860 -0.1074 0.1033 0.1158 
0.2847 5.1145 2.4177 0.3399 -0.1052 -0.1876 
-0.0668 4.7785 2.4105 -0.3636 0.2042 0.0387 
-0.1060 4.4485 2.6995 0.2152 0.0083 -0.1382 
-0.0945 4.0970 2.9535 -0.0727 -0.1329 -0.2479 
-0.0232 3.6685 2.7925 0.0949 -0.2917 0.0270 
4.6540 0.8705 5.0507 0.0777 0.1014 -0.3247 
4.7758 1.2488 4.9817 0.3183 0.0270 -0.1799 
5.0433 1.4690 4.6780 0.0061 -0.0699 -0.0592 
4.9470 1.7610 4.3327 0.0345 -0.2323 0.4608 
4.8803 2.1775 4.2910 0.4161 -0.0029 -0.2027 
4.8165 2.5630 4.5702 -0.1812 0.1986 -0.0933 
4.7170 2.9322 4.9210 -0.4068 -0.0782 0.0845 
4.6920 3.2935 5.2157 0.2133 0.6470 0.1190 
4.9880 3.5437 5.4593 -0.2554 0.0197 0.1927 
5.0178 3.6820 5.8377 -0.2455 0.2335 0.3784 
2.0080 4.4615 4.5325 0.0235 0.3451 0.1974 
2.3188 4.1698 4.7168 0.3331 0.0697 -0.1545 
2.3505 4.3195 5.0440 0.0274 0.2033 -0.4153 
2.2505 4.5102 5.4250 0.0549 -0.1120 0.0328 
1.9115 4.3447 5.5215 -0.5024 -0.1357 -0.1434 
1.8702 4.2250 5.1760 0.3085 -0.1654 -0.2102 
1.9070 4.0845 4.7810 0.7170 -0.0362 -0.0188 
2.1045 3.7165 4.5358 -0.0422 0.2036 0.1190 
2.1368 3.3995 4.7640 -0.1492 0.1791 -0.4615 
2.0878 3.5048 5.0957 -0.1890 -0.4435 0.1085 
0.4055 4.2920 3.5410 0.1157 0.2107 0.1644 
-0.0128 4.1717 3.4785 -0.0595 -0.5363 -0.0531 
-0.4280 4.1030 3.3225 -0.2671 0.1048 -0.1679 
-0.8478 4.2325 3.1227 -0.2659 -0.0276 0.6863 
-1.2488 4.2953 3.3582 -0.1373 -0.3090 0.3801 
-1.2332 4.6385 3.5670 -0.4577 0.4462 0.6472 
-0.8635 4.9168 3.4583 0.3055 -0.2099 -0.0078 
-0.4635 5.0503 3.3072 0.2447 -0.3729 -0.3817 
-0.1860 5.3790 3.3275 0.0683 -0.2698 -0.0122 
-0.3280 5.6495 3.6350 0.2347 0.1966 -0.4335 
4.5720 4.6335 4.6830 0.0139 0.3973 -0.1513 
4.3210 4.2875 4.4757 0.0509 -0.0726 0.1455 
4.3540 3.8552 4.5220 0.0578 0.1027 0.1284 
4.2485 3.6208 4.8552 -0.3388 -0.1191 0.1656 
4.4995 3.7115 5.2732 -0.4001 -0.0936 -0.1742 
4.6212 3.5535 5.6567 -0.0899 -0.3851 -0.3015 
4.5488 3.1208 5.9132 0.2813 -0.1967 0.0404 
4.4825 2.8090 6.2663 0.1576 -0.3234 0.1106 
4.5122 2.3885 6.4697 -0.1978 0.1435 -0.0186 
4.2063 2.0195 6.5702 -0.5223 -0.5089 -0.2317 
2.0132 4.0335 3.3500 0.3774 0.2090 0.2977 
2.1522 3.9175 3.7578 0.1856 0.2356 -0.0770 
1.8895 3.7230 4.0510 -0.0022 0.2762 0.0318 
1.5855 3.3715 4.0092 0.3648 0.2009 0.3831 
1.1027 3.2487 4.0387 -0.0499 0.1803 -0.0028 
0.6195 3.1785 4.1510 0.3176 -0.0044 -0.3358 
0.1630 3.2365 4.3240 -0.1295 0.0306 -0.0085 
-0.1555 2.9955 4.6305 0.5731 0.3844 -0.2421 
-0.0927 2.6415 4.9030 0.0320 0.4841 0.7635 
0.2615 2.4050 5.0473 0.2816 -0.2596 -0.2152 
4.5840 1.3617 4.5697 -0.3945 0.6504 0.1511 
4.8902 1.0717 4.3830 0.2182 0.3196 0.1903 
4.9783 0.6545 4.1542 0.2300 0.5060 -0.5245 
4.8270 0.2435 4.1298 -0.0562 0.2918 0.0869 
5.1635 -0.0215 4.1270 0.0579 -0.0019 0.0061 
5.5083 -0.1407 4.3882 -0.4042 0.0619 -0.3315 
5.7875 0.0915 4.6413 0.6641 -0.2470 -0.3126 
6.1590 0.2828 4.8510 0.2628 -0.2694 0.0147 
6.0815 0.5955 5.0875 -0.1856 -0.4772 -0.3366 
5.7378 0.8978 5.2648 0.1255 -0.1856 -0.6704 
1.1487 0.7857 4.2715 0.1672 -0.6222 -0.5386 
1.5307 0.7828 4.0890 0.1852 -0.1836 -0.0509 
1.5773 0.6048 3.6955 -0.1876 -0.2682 -0.4551 
1.5252 0.6905 3.2720 -0.0977 -0.0651 -0.2743 
1.1805 0.9283 3.1907 0.1820 0.0164 -0.1220 
0.7855 1.0520 3.4140 0.2993 -0.5268 0.3026 
0.6807 0.8740 3.8225 0.0333 0.0780 -0.3076 
0.4800 0.5968 4.0053 -0.3126 -0.0217 0.2984 
0.0865 0.5567 3.8512 0.0475 -0.0686 0.0908 
0.1357 0.2238 3.8933 -0.3123 -0.4157 -0.2563 
2.4508 1.2628 1.6078 -0.2395 -0.1636 0.0915 
2.1827 1.3357 1.2828 0.1077 -0.4627 0.1192 
1.7807 1.5883 1.1627 -0.1530 0.5129 0.5864 
1.4697 1.8150 0.9338 0.3611 0.1931 -0.1171 
1.1865 1.9460 0.6422 0.2585 0.0357 -0.3322 
0.9848 2.3700 0.5383 -0.1300 0.0672 -0.1583 
0.9467 2.7765 0.3950 -0.0322 -0.1888 0.2352 
1.0945 3.2320 0.4245 0.0598 0.3585 -0.1061 
1.1380 3.4825 0.1212 0.1643 -0.1447 -0.3441 
0.9513 3.5685 -0.2948 -0.3683 0.4432 -0.1435 
4.5210 2.2040 4.7512 0.2142 0.1596 -0.4316 
4.5900 2.4937 5.1485 0.3059 0.1316 -0.4063 
4.5630 2.8170 5.4680 0.0490 -0.0247 0.0197 
4.1932 2.9772 5.6480 -0.0947 -0.0250 -0.0517 
3.7988 3.0795 5.8178 0.3177 -0.0397 0.3991 
3.4663 3.4105 5.8385 0.1995 0.0421 -0.2498 
3.1212 3.5467 6.1060 0.1502 -0.0244 0.0436 
2.7572 3.6745 6.3622 -0.2129 -0.0013 -0.1018 
2.5605 3.4553 6.7140 -0.0370 0.0863 0.0944 
2.7440 3.1020 6.8833 0.1201 0.0784 -0.0909 
3.4722 3.2588 5.1030 -0.0620 -0.3463 -0.0580 
3.6640 3.6375 5.2227 -0.6330 -0.0622 -0.6196 
3.9310 3.9232 5.2523 0.0251 -0.4677 -0.0015 
4.2460 4.1370 5.1022 -0.1408 0.0366 0.8350 
4.0317 4.1548 4.7447 0.1666 -0.1361 0.0946 
3.9613 3.8660 4.3445 0.1384 0.2195 0.1676 
4.0605 3.5983 3.9468 0.1195 -0.1215 0.0140 
4.3063 3.2973 3.6298 0.1243 0.1321 -0.1429 
4.5928 3.1190 3.2605 0.1203 -0.4580 -0.3118 
4.6220 3.1880 2.8205 0.2438 -0.2502 -0.0097 
2.4503 3.7725 0.1603 -0.3907 0.1339 -0.4103 
2.5492 3.4167 0.4353 0.0405 -0.5060 -0.2958 
2.9345 3.1777 0.4790 0.0982 -0.2157 -0.3284 
3.2260 2.9743 0.3137 0.0722 -0.2675 -0.5209 
3.1038 3.1370 -0.0442 0.1254 -0.1692 0.3848 
3.0970 3.4425 -0.3113 0.2278 -0.2979 0.2898 
3.1465 3.8725 -0.4115 -0.1500 -0.3535 -0.2288 
2.8918 4.1290 -0.1515 0.3814 0.0495 -0.3451 
2.7287 4.3108 0.2527 0.1378 0.4201 0.2220 
2.5203 4.6602 0.4565 -0.4910 0.0855 -0.4214 
0.0525 5.2372 5.1940 -0.3387 -0.1061 -0.0635 
-0.0465 5.6798 5.1482 -0.3392 -0.2428 -0.0264 
-0.4145 5.8460 4.9215 0.4616 -0.2592 -0.4845 
-0.6865 5.9733 4.5302 -0.0875 0.1851 0.3050 
-0.9165 6.3100 4.2775 -0.2165 0.7271 -0.1885 
-1.2232 6.6295 4.2540 -0.1763 -0.2351 0.1099 
-1.6233 6.6733 4.1837 0.3446 0.1709 -0.1070 
-1.9425 6.3723 4.0053 0.2799 -0.3103 0.2714 
-2.2875 6.4255 3.9037 0.3169 -0.0657 0.0172 
-2.7237 6.3960 3.9030 -0.0890 -0.1996 0.4095 
2.0865 0.9763 5.1638 0.5335 0.0674 -0.0810 
1.9595 0.6685 4.9977 0.0115 0.3464 0.0860 
1.9215 0.7283 4.5285 0.8359 -0.1692 -0.1071 
2.0270 0.9383 4.0768 0.0143 0.3478 -0.1389 
1.8955 1.0197 3.6865 -0.7105 0.1044 -0.0753 
1.4393 1.0688 3.6327 -0.1895 -0.4229 0.1937 
1.1282 0.7452 3.7510 0.1633 -0.1107 0.0181 
1.0402 0.3520 3.9823 0.0856 0.0092 -0.2270 
1.2485 0.0238 4.0500 -0.7611 0.2085 -0.1373 
1.0942 -0.4002 3.9005 -0.1373 0.0927 -0.5059 
4.1312 4.5345 0.0605 -0.2926 -0.0438 0.0977 
4.1492 4.9322 0.2382 0.2587 0.4053 0.3674 
3.9830 5.2938 0.4165 -0.0173 0.5291 0.1457 
3.7792 5.7610 0.4175 -0.1293 -0.5713 0.1628 
3.6153 6.1725 0.2777 -0.1353 0.0259 -0.2799 
3.4670 6.4165 -0.0503 0.2543 0.0602 -0.0931 
3.6460 6.5772 -0.3860 0.1221 -0.4967 -0.1607 
3.9013 6.8577 -0.6565 0.0623 0.0871 -0.1911 
4.1022 7.1535 -0.9510 -0.1110 0.3770 0.2274 
4.4683 7.3780 -1.2290 0.1523 0.4396 -0.0975 
4.3777 2.5187 4.1702 0.8851 0.0944 -0.2439 
4.0492 2.1778 4.1922 0.7647 -0.0399 0.0683 
3.6342 1.9855 4.3388 0.0517 -0.1750 -0.4521 
3.4893 1.5895 4.5247 -0.3364 -0.2278 -0.6192 
3.4310 1.1268 4.6485 -0.2381 0.2962 -0.3111 
3.6202 0.7402 4.4822 -0.1331 -0.1636 0.0698 
3.7067 0.2925 4.3083 -0.3589 0.2702 0.0909 
3.4982 -0.0360 4.1285 0.3381 -0.3126 0.0086 
3.1920 -0.0633 3.8377 -0.1429 0.2185 -0.2922 
3.1332 0.3287 3.6590 -0.3125 -0.1623 -0.2026 
4.0800 0.8660 4.6455 -0.4088 -0.0603 0.2996 
4.0938 0.9328 5.1208 -0.0419 0.1014 -0.0608 
4.1495 0.7003 5.5185 0.2634 0.1967 -0.1428 
4.3640 0.3508 5.7332 0.1647 -0.0389 -0.1618 
4.6190 -0.0417 5.7000 0.0215 -0.1220 -0.2423 
4.7912 -0.4627 5.8900 0.2743 -0.0259 -0.1726 
4.8850 -0.7762 6.1903 -0.1257 0.6156 0.3642 
4.6460 -1.0910 6.2940 0.4074 -0.3039 -0.1067 
4.5427 -1.5125 6.1443 0.1576 0.0006 0.4778 
4.4268 -1.9150 6.1165 0.0873 0.0256 -0.1905 
1.3880 0.8610 0.5105 -0.5747 -0.1031 0.1209 
1.1870 0.5613 0.7373 -0.4183 -0.4485 -0.0981 
0.9292 0.6500 1.1020 -0.2207 -0.1795 -0.3954 
0.6690 0.9423 1.3020 0.2459 0.0993 0.7215 
0.6105 1.2887 1.5827 0.0432 0.0408 -0.1564 
0.7397 1.7150 1.6398 0.1464 0.4463 0.3240 
1.0212 1.8293 1.9770 0.0301 -0.0229 -0.1081 
1.2060 2.2067 2.0817 0.2205 -0.4078 0.1934 
1.2583 2.6545 1.8920 -0.1314 -0.3126 0.2442 
1.1388 3.0817 1.9343 0.2314 0.6106 0.1798 
2.4735 5.4158 1.5147 -0.1242 -0.1504 0.0503 
2.7917 5.6175 1.5035 0.1600 -0.2669 0.0827 
2.9877 5.8040 1.1525 0.1324 -0.1636 -0.7751 
3.3830 5.9350 0.8985 -0.0462 0.3844 -0.1834 
3.8270 5.8087 0.7970 -0.2448 0.0664 -0.2202 
4.2385 5.5002 0.7683 -0.3317 -0.0014 0.2093 
4.4028 5.0805 0.7750 -0.3780 -0.0107 -0.1416 
4.3380 4.7393 1.0565 0.0914 0.1549 -0.0731 
4.4912 4.5665 1.4205 0.0681 -0.3454 -0.0158 
4.8555 4.4147 1.4583 -0.1055 -0.0867 0.4813 
1.1208 1.5867 1.1735 0.4869 -0.1195 0.1992 
0.8412 1.8957 1.0280 0.4071 -0.1355 -0.2415 
0.9417 2.1015 1.3515 -0.0987 -0.4857 0.5046 
1.4060 2.1543 1.4620 0.2989 -0.0417 -0.1581 
1.8825 2.1058 1.5553 0.2198 0.2527 0.0954 
2.3282 2.0692 1.6575 0.0120 0.0643 0.0762 
2.8185 2.1372 1.8287 0.3904 -0.2249 -0.0829 
3.1418 2.3628 1.9970 0.0064 -0.2413 0.0019 
3.1310 2.6430 2.3457 0.0905 -0.3145 0.1423 
2.9350 2.9328 2.6105 -0.0901 -0.1235 0.1164 
1.3473 3.0285 2.3890 -0.2899 0.1049 -0.1956 
1.0870 2.9227 2.7512 0.4222 -0.0707 -0.1390 
0.8080 2.6510 2.9377 0.0096 -0.5083 -0.3293 
0.5457 2.3673 3.1772 0.2134 0.3537 -0.5297 
0.6050 2.4013 3.6195 -0.1764 0.3206 -0.3316 
0.6118 2.5568 4.0968 0.2504 -0.1252 -0.3266 
0.5548 2.4730 4.5533 -0.6073 -0.0082 0.7974 
0.2348 2.1452 4.6538 0.2935 0.1837 0.0763 
0.0165 1.8225 4.9500 0.4353 -0.2628 -0.5472 
-0.1880 1.7577 5.3640 -0.0319 0.3448 0.0704 
0.6542 5.3660 3.8098 0.3743 -0.0256 -0.1407 
0.6570 5.7955 3.6135 0.0679 -0.1013 0.2145 
0.9808 5.8130 3.3838 -0.1170 0.7959 -0.0793 
1.2320 5.4053 3.4480 -0.1583 0.2664 -0.0330 
1.4715 5.0158 3.6067 0.3279 -0.1134 0.2466 
1.5170 4.6645 3.8355 0.0883 0.6536 0.0284 
1.2652 4.6315 4.1783 -0.2270 -0.1861 -0.0817 
0.9425 4.8255 4.4520 -0.0676 -0.2992 -0.3657 
0.6703 4.9055 4.7578 0.2348 -0.1564 -0.1969 
0.3513 4.6973 5.0930 0.2806 -0.0962 0.0510 
3.8350 2.5228 0.1708 0.5232 0.3917 0.0525 
4.1755 2.2538 0.3320 0.2296 -0.2868 0.0296 
4.2882 1.7937 0.3145 -0.0230 0.1174 -0.2618 
4.6725 1.5968 0.2398 0.0070 -0.1253 -0.1873 
4.9250 1.7843 0.5050 -0.2047 -0.1313 0.0088 
4.8905 2.0312 0.8987 -0.3023 0.0711 0.0285 
5.1568 2.1020 1.2715 0.1625 -0.3048 0.2661 
5.2830 2.2510 1.6767 0.1298 0.2193 -0.2004 
5.4373 2.4318 2.0198 0.0466 0.4342 0.0395 
5.5033 2.8073 2.3297 0.1397 -0.2385 0.0133 
2.2415 0.0793 4.4187 -0.0801 0.2617 0.1650 
1.9012 -0.2090 4.5735 0.1626 -0.3911 -0.0098 
1.5148 -0.3490 4.5540 0.0495 -0.0249 0.2904 
1.3320 0.0245 4.6490 -0.1372 -0.2871 -0.0805 
1.3600 0.2920 4.9865 -0.3840 0.3701 -0.3796 
1.3598 0.4908 5.3865 -0.0383 -0.1833 -0.0536 
1.1960 0.8762 5.5445 -0.5249 -0.0368 0.0678 
1.0417 1.2768 5.3643 0.1945 -0.4279 -0.3564 
1.0655 1.7212 5.1210 0.3922 0.0136 0.3086 
1.0795 2.1505 4.8880 -0.0814 0.2844 -0.0119 
2.6690 3.6467 5.0975 0.4112 -0.4707 0.3210 
2.5682 3.2788 5.3472 0.3823 -0.2944 0.1699 
2.6625 2.9055 5.6792 0.2693 -0.2751 0.5900 
2.9003 2.5793 5.7343 0.3301 0.5388 -0.1063 
3.2315 2.4230 5.6482 0.0130 -0.1102 0.0066 
3.5968 2.4143 5.9192 0.2811 0.3045 -0.1721 
3.7865 2.6830 6.1750 -0.0688 -0.2151 -0.0464 
3.4795 2.9975 6.2778 -0.0304 0.1931 -0.1555 
3.1640 3.2302 6.4832 -0.2858 -0.1989 -0.4877 
3.0528 3.5408 6.7680 0.1932 -0.1207 0.0460 
5.4688 3.8565 3.9322 0.6253 -0.3924 0.1472 
5.8310 3.6593 3.8005 0.0713 0.2659 -0.4780 
6.2088 3.5890 3.5513 -0.1258 -0.5014 0.2476 
6.4498 3.1880 3.3555 0.0749 -0.2031 -0.1247 
6.8055 2.8857 3.2655 -0.4523 0.0439 0.2913 
7.1195 2.5497 3.2817 -0.0508 0.1964 -0.2118 
7.1345 2.4123 3.6635 0.1528 -0.1948 0.0229 
7.3235 2.6825 3.9652 0.3276 0.3775 0.4603 
7.5085 3.0747 4.1505 0.1472 0.4161 -0.0210 
7.6387 3.4482 4.0010 -0.2408 -0.0378 -0.0692 
4.4052 0.8470 3.7083 -0.1581 -0.3243 0.2154 
4.4745 0.4255 3.8595 -0.2377 0.1332 0.1736 
4.2763 0.0395 4.0355 0.4053 0.2621 0.3986 
4.0110 -0.2435 3.9503 0.2256 -0.5696 0.3218 
3.6538 -0.0725 3.7155 0.0117 0.1671 -0.0061 
3.4980 0.2303 3.3733 -0.5604 0.5470 0.0409 
3.5450 0.6803 3.2000 -0.5345 0.3127 -0.4073 
3.7570 1.0098 3.0017 0.1335 0.0680 0.2342 
3.8280 0.9442 2.6067 0.0749 0.5358 0.1759 
3.4995 0.7062 2.4677 -0.2402 -0.1682 -0.2338 
4.4680 1.3473 3.4845 -0.1273 0.0684 0.0296 
4.8148 1.2212 3.6560 0.0614 0.0646 -0.2920 
4.7125 1.3220 4.0183 0.0884 0.0407 0.1674 
4.3613 1.5640 3.8880 -0.0374 0.1132 -0.0776 
4.2103 1.8955 3.5592 0.5294 0.3091 -0.0410 
4.3005 1.8758 3.1370 -0.5090 -0.6522 0.0795 
4.0430 1.9995 2.8618 -0.3039 -0.5959 0.4147 
3.9798 1.8852 2.5090 -0.3422 0.0847 0.2158 
4.0988 1.6830 2.1018 -0.3399 0.0497 0.0943 
4.2840 1.9535 1.8660 -0.2085 -0.0188 0.4909 
1.3473 4.4127 0.5688 -0.3858 0.1814 -0.1267 
1.6098 4.4322 0.9177 0.3199 0.3981 -0.3012 
1.9305 4.2412 1.2237 0.0303 0.0894 -0.2954 
2.2825 4.2635 1.5543 -0.0648 0.4291 0.0167 
2.6910 4.3840 1.7792 0.0387 0.2313 0.8809 
3.1510 4.5017 1.8865 -0.0564 -0.0243 -0.2443 
3.6130 4.5575 1.9560 0.1947 0.2089 -0.2953 
3.9800 4.4087 1.6867 -0.0812 0.0457 -0.2031 
4.3845 4.2725 1.8315 -0.3171 -0.5460 -0.0294 
4.6653 4.0467 2.1883 0.1065 -0.0421 -0.4114 
3.9825 0.4725 2.5120 -0.8362 -0.4781 0.6837 
3.6827 0.4317 2.8645 -0.5167 0.1138 -0.1147 
3.3580 0.1612 2.6825 -0.2443 0.0835 -0.0032 
3.1405 0.0977 2.3280 0.0366 0.2540 0.4688 
2.7122 0.0650 2.2027 -0.0679 -0.5501 -0.0586 
2.3753 0.1400 1.9663 -0.2060 -0.4883 0.0207 
2.1220 0.3770 1.7185 0.2049 -0.2713 -0.0329 
2.0765 0.8403 1.8283 -0.4811 -0.4924 0.0308 
1.9512 1.3057 1.7010 -0.1243 -0.1111 -0.2929 
1.6985 1.6422 1.5350 -0.5131 -0.1522 0.3987 
0.1308 5.2360 1.9292 -0.1377 -0.3845 -0.2066 
-0.0467 5.6555 1.8505 -0.1036 -0.4488 0.2578 
0.1185 6.0217 2.0287 -0.0521 0.2193 -0.0538 
0.2107 6.3880 1.7835 -0.1161 0.2095 -0.2529 
0.2315 6.7923 1.8240 0.1957 -0.1938 0.0662 
0.4663 7.0525 2.1233 -0.2968 0.2683 -0.0293 
0.7295 7.2348 2.4022 0.0131 0.1230 -0.1921 
1.0525 7.5177 2.5645 -0.6008 -0.5493 0.1872 
1.1850 7.6790 2.9882 -0.8927 -0.3268 0.0940 
1.0747 7.8640 3.4085 -0.2509 0.4312 -0.2948 
1.7537 1.2475 2.3830 -0.2157 0.1620 -0.2319 
1.4728 1.1767 2.7910 -0.0732 -0.1338 -0.0563 
1.0825 1.2750 2.9000 0.3195 -0.1203 -0.0740 
0.7183 1.3173 2.6952 -0.1298 0.1077 0.1300 
0.3473 1.5250 2.5663 -0.0886 0.1285 0.1301 
0.1170 1.8478 2.3697 0.0795 -0.1822 -0.1343 
-0.1225 2.0673 2.2837 -0.0905 0.2633 0.2476 
-0.3120 1.8713 1.9135 -0.2204 0.0449 0.4105 
-0.3180 1.6980 1.4598 -0.1767 0.2017 -0.0505 
-0.6727 1.6233 1.1995 0.5440 -0.2056 -0.1454 
1.7955 1.1530 4.6972 0.2225 -0.0258 0.3476 
2.2248 0.9540 4.7008 0.1024 0.1182 0.2263 
2.3462 0.5790 4.6578 0.2998 -0.0654 0.1061 
2.2962 0.4925 4.2172 -0.0925 0.0638 -0.2178 
2.1718 0.1462 3.9540 0.2308 0.2555 -0.1873 
2.3040 -0.2015 4.0853 -0.1749 -0.1797 -0.2494 
2.3885 -0.4335 4.4945 -0.0145 -0.2125 -0.0043 
2.0765 -0.5747 4.8403 0.1076 -0.2174 -0.2986 
1.7540 -0.6620 5.1630 -0.0020 -0.0762 0.1494 
1.4360 -0.5353 5.4480 -0.2494 0.4177 0.0962 
0.2485 4.2365 0.0210 -0.1491 0.1703 0.4155 
0.0485 4.2327 -0.3410 -0.4366 0.3294 0.0254 
0.4173 4.1400 -0.4620 0.1009 -0.3299 -0.0209 
0.5413 3.7948 -0.2220 -0.1488 0.2217 0.2487 
0.4792 3.3825 -0.3143 0.2203 0.0052 -0.3773 
0.7982 3.2730 -0.5840 -0.0721 -0.1472 0.5960 
1.2550 3.1953 -0.6613 0.4910 0.0050 0.1379 
1.1943 2.8998 -0.8633 -0.2049 -0.4843 0.4977 
0.8395 2.8647 -0.7425 0.2271 -0.5120 0.0280 
0.8855 2.9405 -0.3533 -0.2562 -0.0449 -0.5908 
4.1723 0.3682 1.9447 -0.3938 -0.2883 0.1311 
4.5332 0.7285 1.8380 0.1499 0.0337 -0.4871 
4.7080 1.0795 1.9810 -0.1197 -0.2621 -0.2337 
4.8608 0.9972 2.3190 0.2937 0.0810 0.0515 
4.9265 1.2320 2.6822 0.3735 0.1692 0.2294 
5.1628 1.6465 2.8605 0.2071 0.1265 -0.0258 
5.5488 1.8615 2.8260 0.1046 0.0406 -0.0944 
5.8560 2.1402 2.6685 0.4928 0.0899 0.2698 
5.9045 2.3310 2.2803 0.0897 0.3494 -0.3878 
6.2777 2.5023 2.3098 -0.3788 0.2045 0.2309 
0.3128 2.9850 4.7980 0.2593 0.3572 -0.1586 
0.3307 2.9188 4.3738 0.0255 0.2150 0.0358 
0.0658 2.5983 4.2763 0.1063 0.3360 -0.2594 
-0.1735 2.2452 4.5475 0.2333 0.0331 -0.4357 
-0.3885 2.0230 4.8860 0.7588 0.0395 0.0986 
-0.8017 1.7885 4.9793 0.1002 0.0346 -0.3680 
-1.1810 1.5582 5.2203 0.3857 0.5988 0.1289 
-1.4982 1.5150 5.5240 -0.2836 0.0066 -0.1749 
-1.4693 1.4930 5.9678 -0.0602 -0.4571 0.1954 
-1.3165 1.4740 6.3640 -0.1494 0.4156 -0.1732 
5.3022 3.5155 2.2005 -0.3127 -0.0151 -0.3075 
5.2973 3.9663 2.3872 -0.2724 -0.2362 -0.2087 
5.6123 4.0670 2.6333 -0.3332 -0.3264 0.2092 
5.8685 4.3835 2.8232 0.0419 -0.0677 0.0356 
5.7023 4.7550 2.8412 -0.2661 0.1159 -0.0217 
5.2815 5.0435 2.8835 -0.1121 0.0205 -0.0742 
4.8993 5.3377 2.9240 0.3436 -0.3293 0.0868 
4.9970 5.7680 2.9797 0.4682 0.2681 0.0622 
5.2525 6.1795 3.0090 0.2485 -0.6447 0.5499 
5.3117 6.5903 3.2560 -0.2654 -0.1249 -0.0805 
2.5205 1.0130 2.0955 -0.4152 -0.4512 -0.0726 
2.2460 1.1795 2.4383 0.4655 -0.3667 0.0508 
2.0185 1.1218 2.8330 0.3701 0.4078 0.0076 
1.7845 1.4700 2.9458 0.2017 -0.0140 -0.2662 
1.3868 1.6890 2.7765 -0.3024 -0.4304 0.1181 
1.2350 1.6027 2.4425 -0.3761 0.8703 -0.0577 
0.8620 1.3225 2.2520 0.1438 -0.3342 0.1373 
0.5777 1.0465 2.0177 0.0616 0.0405 -0.4687 
0.6297 0.5927 1.9777 0.0716 0.1689 -0.3567 
0.9165 0.2447 2.1452 0.0279 -0.4072 0.1737 
5.0985 2.7330 3.0248 0.1894 -0.0328 -0.2327 
4.8848 2.7375 2.6520 0.2628 -0.5760 0.2623 
4.8353 2.4370 2.3242 -0.2968 0.2435 -0.4940 
4.5545 2.1018 2.3635 -0.2356 0.3503 0.1719 
4.5250 1.7617 2.6640 -0.0997 -0.3699 -0.4814 
4.6350 1.4798 3.0187 0.0979 -0.5539 -0.0465 
4.8333 1.0675 3.1098 0.3014 -0.4927 0.1108 
4.7083 0.7153 2.9127 0.1428 0.2994 -0.2511 
4.6028 0.5155 2.5925 0.2013 0.0589 -0.6564 
4.7852 0.3790 2.1420 -0.2094 0.0476 -0.3049 
4.0590 0.5797 3.0455 0.1715 0.0639 0.6462 
3.9030 0.6372 3.4550 0.2774 0.0341 0.0872 
3.8408 0.7893 3.8120 0.1306 0.2017 0.2828 
4.0817 0.6683 4.1900 -0.2029 0.1428 0.2894 
4.0985 0.2445 4.3577 -0.0980 0.0568 0.3053 
4.1582 0.1250 4.7488 -0.1995 0.0201 -0.6435 
4.3730 0.4068 5.0263 0.3016 0.3725 0.1215 
4.5903 0.3768 5.3373 -0.0263 0.1685 0.4369 
4.9273 0.0675 5.3955 -0.1492 0.3993 0.1225 
5.1427 -0.2250 5.6538 -0.1932 -0.2654 -0.0403 
0.6542 2.1193 4.3125 0.0572 0.2692 -0.1487 
0.9748 2.3345 4.2577 0.1153 -0.1701 -0.0392 
1.2063 2.6485 3.9432 0.4088 -0.4465 -0.0493 
1.4343 3.0160 3.6758 0.1090 -0.2301 0.5392 
1.8642 3.0467 3.6525 -0.1449 -0.4649 -0.3759 
2.3468 2.9773 3.7828 -0.3078 -0.0409 -0.0595 
2.6908 2.7732 3.9623 0.4149 -0.1665 -0.1732 
2.8632 2.3380 4.0555 -0.5751 -0.0831 -0.2936 
3.1470 2.1818 3.7710 -0.0676 -0.1773 -0.1883 
3.0145 2.4380 3.5038 0.3636 -0.0504 0.0092 
1.5387 1.3675 0.7880 -0.6374 0.2357 -0.1165 
1.8887 1.1195 0.6187 0.0368 0.2060 -0.2941 
1.8402 0.7107 0.4612 -0.3152 -0.2254 -0.1145 
1.6162 0.2973 0.4267 0.1204 0.1785 -0.5173 
1.6215 -0.0130 0.0492 -0.0105 -0.2349 0.0896 
1.5252 -0.3048 -0.3075 0.4192 -0.0040 0.0975 
1.3673 -0.6878 -0.5648 0.0651 0.4336 0.3292 
1.4385 -1.1382 -0.6567 0.3071 0.4852 0.0435 
1.4418 -1.5545 -0.5365 -0.1776 -0.3283 -0.2889 
1.6375 -1.5983 -0.1340 0.1814 0.3207 0.2678 
1.0195 4.3690 2.1178 -0.0201 -0.0653 0.1389 
0.8988 4.4050 1.6270 -0.0649 -0.4513 0.4362 
1.0337 4.5795 1.2385 -0.2906 -0.3611 0.1348 
1.1210 4.8052 0.8675 0.0695 0.0597 0.0445 
1.0008 4.9207 0.3975 -0.1354 -0.0446 -0.0259 
0.7137 5.1325 0.1435 -0.0227 0.2560 0.0485 
0.3925 5.3870 0.0545 -0.0021 0.0978 0.9006 
0.2670 5.8595 0.1492 0.5418 0.2164 0.0639 
0.2342 6.3255 0.3122 0.3542 -0.1682 0.1748 
0.1600 6.6940 0.1525 0.0666 -0.1537 0.2662 
1.7740 3.2477 3.1793 -0.1323 -0.0610 -0.0613 
1.9473 3.0012 2.8513 -0.0907 -0.6512 -0.0841 
1.7780 2.7625 2.5035 0.3489 0.1772 0.3039 
1.6562 2.5685 2.1515 0.2989 -0.0219 -0.0622 
1.8492 2.5572 1.7163 -0.1370 -0.1583 0.0206 
2.1052 2.7767 1.4372 -0.0155 -0.0262 -0.0600 
2.4617 2.9745 1.1430 -0.4147 0.1786 0.4827 
2.8003 2.9590 0.8592 -0.5238 -0.2154 0.6123 
3.1408 2.6082 0.8415 0.1552 0.7804 -0.0229 
3.5300 2.3727 0.9835 0.5080 0.2908 0.4109 
2.4310 0.5285 2.2675 0.2501 -0.0452 -0.1261 
2.4688 0.1915 2.5970 -0.1168 0.3094 0.1567 
2.5145 0.0008 3.0168 0.2379 -0.2438 -0.1109 
2.6327 -0.2840 3.3638 0.0708 0.2272 0.0973 
2.4632 -0.5125 3.7523 -0.1188 -0.4824 0.2328 
2.4400 -0.7600 4.1380 -0.5692 0.3951 -0.2828 
2.6395 -0.8047 4.5300 -0.1920 -0.6236 0.2026 
2.8720 -0.7665 4.9280 0.2348 0.1538 0.2671 
3.0615 -0.5777 5.3605 0.1107 0.3458 -0.1655 
3.0808 -0.3100 5.7810 0.1468 0.0811 -0.1169 
0.5870 1.1650 4.1193 0.4434 0.0838 -0.6561 
1.0295 1.2477 4.0522 0.1246 -0.2368 -0.2626 
1.4880 1.3542 4.1035 0.0407 -0.2378 -0.3723 
1.4778 1.4515 4.4560 0.3640 -0.1470 0.1207 
1.2765 1.3327 4.8598 -0.1887 -0.1859 -0.5736 
1.5288 1.1878 5.2850 0.1075 -0.1611 -0.0459 
1.7268 0.8112 5.4057 0.5530 0.1617 -0.1179 
1.8363 0.3870 5.3338 0.0427 0.0217 0.2857 
1.9295 0.1200 4.9672 0.1102 0.2057 -0.1612 
2.3240 -0.1035 4.8515 -0.3859 0.3016 0.0466 
1.6385 4.0418 4.3367 -0.0951 -0.2876 -0.0689 
1.3270 4.2058 4.2070 -0.0829 -0.3368 -0.0417 
1.1322 3.9390 3.8997 -0.0524 -0.0572 0.2736 
0.9303 4.0480 3.4958 0.1002 0.4816 -0.2243 
0.7432 4.0705 3.0450 -0.1839 -0.2591 -0.4556 
0.5413 3.7727 2.7703 -0.1083 0.2818 -0.0921 
0.3405 3.3607 2.7037 -0.2611 0.0823 -0.2689 
0.3070 2.8892 2.8262 -0.8065 0.7174 -0.0947 
0.1435 2.4923 2.8250 -0.0281 -0.1909 -0.0576 
0.0852 2.2775 3.1980 -0.3399 -0.3003 -0.3461 
0.2393 0.6040 2.8510 -0.3633 0.1076 -0.5767 
-0.0338 0.3890 2.5265 -0.3816 -0.3887 -0.3223 
-0.2395 0.0412 2.2403 0.4414 0.0245 -0.3046 
-0.4868 -0.1585 1.8835 -0.2341 0.0975 0.3035 
-0.6930 -0.3862 1.6090 -0.1427 0.2821 -0.2077 
-0.4237 -0.3987 1.2223 -0.1053 -0.4808 0.3134 
-0.1315 -0.1847 0.9137 -0.5009 -0.3413 0.4945 
0.2297 0.0230 0.7792 -0.0203 0.1720 -0.3616 
0.4917 0.0978 0.4348 -0.3690 0.3887 -0.1902 
0.8313 0.2913 0.2175 0.2253 0.0603 0.0735 
4.2985 0.0517 2.5640 0.0719 -0.3508 -0.0749 
4.0650 -0.1157 2.1840 0.3819 0.0368 0.3239 
3.6398 -0.2980 2.1593 -0.0910 -0.0628 0.0945 
3.3387 -0.4175 2.4050 0.3292 0.0727 -0.2715 
3.4480 -0.4945 2.7845 0.0073 0.1551 0.2505 
3.2252 -0.7888 2.8325 0.0349 0.2366 -0.4586 
2.7348 -0.7170 2.9235 0.1500 -0.3801 0.3560 
2.2828 -0.7032 2.7873 -0.1969 -0.1668 0.4289 
1.9540 -0.7618 2.4765 0.1819 0.2693 -0.1300 
1.9575 -0.9872 2.1175 0.3877 -0.4608 0.1189 
3.4850 4.4073 5.1170 0.3784 -0.2010 0.1426 
3.2925 4.2927 5.5152 0.1109 0.1688 0.3285 
3.1545 4.5055 5.8950 -0.4622 -0.0480 -0.3955 
3.0660 4.7383 6.3020 -0.5645 -0.1961 0.2075 
3.0488 4.7882 6.8233 -0.0188 -0.0152 0.5221 
3.0597 5.0205 7.2237 -0.0728 0.2040 0.0043 
2.9333 4.9168 7.5930 0.4205 -0.1066 -0.1237 
3.0158 4.4863 7.7645 0.1094 -0.5012 -0.3739 
2.9575 4.1542 7.4890 -0.2047 0.2979 0.0724 
3.0832 3.7757 7.2925 0.1878 0.1964 0.3381 
1.2335 4.8795 3.1963 -0.4641 0.4021 -0.4237 
0.9135 5.1350 3.3937 -0.1286 -0.0048 -0.3442 
0.6950 5.4503 3.2393 -0.3881 0.2286 -0.2363 
0.3073 5.6747 3.2938 -0.2500 0.0785 0.1345 
-0.0628 5.9932 3.3942 -0.6392 -0.1329 0.1286 
-0.5050 6.0555 3.4490 -0.0102 0.2347 -0.3226 
-0.8690 6.0482 3.3083 -0.1588 0.6024 0.0620 
-1.0150 6.4255 3.0238 -0.1657 0.0683 0.1344 
-1.0810 6.3305 2.5692 -0.1673 -0.2378 -0.0845 
-1.1587 6.3235 2.1267 0.1193 -0.4898 0.1932 
3.1258 0.8102 4.4340 -0.1506 -0.1944 -0.0215 
3.2888 0.3485 4.5610 0.8703 0.3894 -0.1029 
3.3770 -0.1123 4.5350 0.6039 -0.1290 -0.6315 
3.7575 -0.2775 4.5910 0.1205 -0.0204 0.2909 
4.1385 -0.4125 4.4352 -0.1434 -0.2765 -0.1070 
4.5042 -0.3668 4.3770 -0.2083 0.3055 -0.2596 
4.5713 0.0498 4.4548 0.0194 0.2459 -0.2945 
4.7390 -0.0342 4.8475 0.2212 -0.0052 -0.4092 
4.8792 -0.3663 5.1065 0.0108 -0.3742 0.4677 
4.6695 -0.5962 5.3240 -0.1507 -0.5107 -0.0196 
2.0192 3.7775 0.5755 0.2989 0.0496 0.3062 
2.4260 3.7997 0.6677 0.0294 -0.2132 -0.0493 
2.6953 4.1372 0.7817 -0.5671 -0.0882 -0.0350 
2.7435 4.3905 1.1440 -0.2599 0.2017 0.0368 
3.0270 4.1943 1.3858 -0.0116 0.1626 0.3564 
3.4138 3.9912 1.3275 -0.0808 -0.0664 -0.4064 
3.7535 3.8927 1.0637 -0.0051 -0.1190 0.0955 
3.9910 3.9315 0.7298 -0.2137 0.2689 -0.0934 
4.2035 4.1635 0.9650 0.3985 -0.1524 -0.0061 
3.9645 4.4607 1.2197 0.4743 -0.1101 0.1501 
0.1728 1.9383 1.7997 0.0448 -0.5181 0.7787 
0.5470 2.2675 1.7280 -0.0834 0.2828 -0.4985 
0.8065 2.6260 1.6880 -0.2453 -0.3489 -0.0054 
0.7505 3.1185 1.7648 0.6464 0.3166 -0.0138 
0.4017 3.2535 1.7415 0.1508 0.4383 0.1520 
-0.0305 3.0565 1.7677 0.1659 0.6332 -0.3015 
-0.3253 2.7072 1.8822 0.3217 0.1580 0.0739 
-0.7283 2.4670 1.7997 0.2081 -0.0006 0.0749 
-1.1700 2.3563 1.5730 0.0564 -0.1661 -0.1273 
-1.6410 2.4663 1.5125 0.0930 0.4188 -0.2891 
4.1932 5.0090 2.9895 0.2550 -0.3205 0.0755 
4.2990 5.4588 3.1508 0.2618 0.2044 0.1594 
4.6527 5.5008 3.3832 0.1093 -0.4299 -0.3755 
4.6368 5.2702 3.7420 -0.4587 -0.2091 -0.0089 
4.4428 4.8667 3.9030 -0.3020 -0.3472 0.1535 
4.5868 4.4537 4.0730 -0.4527 0.1341 0.1925 
4.9257 4.1215 4.1255 0.3043 -0.0337 -0.3196 
4.9683 3.7732 3.8487 0.2234 0.0646 -0.0585 
4.8745 3.5132 3.5425 0.1425 -0.0229 0.1462 
4.9637 3.5210 3.0825 -0.1360 -0.2267 -0.2031 
2.8665 1.5032 0.9647 -0.0277 0.1342 0.3054 
2.8865 1.4475 1.4285 -0.0472 -0.3180 0.2779 
2.9440 1.7107 1.7112 0.1118 -0.0131 0.1576 
3.3150 1.5782 1.7470 -0.3926 0.3664 0.1733 
3.3207 1.1943 1.5657 0.2183 0.0738 0.4847 
3.3435 0.7007 1.5540 0.3123 0.0010 -0.2420 
3.2525 0.1973 1.5235 -0.0232 0.2955 -0.1055 
3.0118 -0.1775 1.3588 -0.1237 0.8376 0.1945 
2.7327 -0.3207 1.0385 0.1638 -0.6188 0.0121 
2.4720 -0.6220 0.9110 0.1980 -0.1592 0.3616 
4.2450 3.4983 2.9712 0.1117 0.4146 -0.0859 
4.0697 3.5040 2.5713 0.0758 0.0664 0.2232 
3.6635 3.4670 2.4398 0.2958 -0.2182 0.4341 
3.3395 3.7685 2.5965 0.0406 0.0533 0.3107 
3.3100 4.0892 2.8792 -0.2802 0.0655 -0.2019 
3.2055 4.1127 3.3320 -0.0372 0.0076 -0.1136 
2.8230 4.0457 3.5590 0.1289 -0.2763 -0.0456 
2.5993 3.7425 3.2998 -0.3331 0.3018 0.7680 
2.4632 3.6932 2.8923 -0.0323 -0.0899 0.2504 
2.2155 4.0122 2.5768 -0.1340 -0.2376 -0.0685 
3.5297 0.4250 3.9308 -0.1549 0.2576 -0.0414 
3.9177 0.2468 3.7405 -0.0016 -0.5224 -0.1684 
4.0577 -0.1120 3.5162 -0.2173 -0.1500 0.1869 
3.9160 -0.5222 3.3060 -0.0344 -0.0969 0.0535 
3.6892 -0.9532 3.2077 -0.7533 -0.1113 -0.0511 
3.7252 -1.3642 3.2840 0.0431 -0.1815 -0.1088 
3.7815 -1.7500 3.5207 0.2833 0.1759 -0.0813 
3.9407 -2.1695 3.3560 -0.0267 0.0910 0.3206 
4.2048 -2.4320 3.0355 -0.0582 -0.1287 0.1241 
4.3545 -2.5423 2.6075 -0.0042 -0.4393 0.2338 
2.8658 2.6697 5.2125 -0.3477 0.6107 -0.2141 
2.5657 2.3495 5.3250 0.0213 0.1378 0.4705 
2.1990 2.1197 5.2583 0.4282 -0.1597 0.1708 
1.9752 2.2222 5.6510 -0.1965 0.1213 0.2206 
1.9920 2.3932 6.1022 -0.1564 -0.0068 0.3097 
2.1535 2.4512 6.4010 0.1621 -0.5267 0.2506 
2.5120 2.2735 6.2603 0.0306 0.0146 -0.1352 
2.4415 1.8347 6.1227 -0.5066 -0.2194 -0.1671 
2.2470 1.4728 5.9058 -0.1976 0.1118 0.1741 
2.3688 1.0815 5.7840 -0.2717 -0.4621 0.0543 
1.3610 2.8970 5.5383 0.3713 0.1292 0.1455 
1.5337 3.0502 5.9910 0.2160 0.3400 0.1535 
1.7383 3.1618 6.4043 -0.7533 0.2251 0.2917 
1.7370 3.3895 6.8117 0.2853 -0.1730 0.0307 
1.6805 3.5527 7.2385 0.1689 -0.1187 0.0847 
1.3655 3.7160 7.4265 -0.0533 0.6187 0.1260 
0.9818 3.9150 7.5985 -0.0569 -0.0626 0.0204 
0.5845 3.8967 7.6370 -0.2190 0.0605 -0.0591 
0.4260 3.4830 7.5122 -0.0298 0.0471 0.1825 
0.5810 3.0565 7.5840 -0.1806 0.1506 0.3524 
3.7122 0.4597 4.8035 -0.1523 -0.3599 -0.3339 
3.7340 0.4810 5.2183 -0.5376 -0.0158 0.0402 
3.3843 0.4335 5.4545 -0.3860 0.4301 0.0524 
3.1143 0.7777 5.5892 0.0977 0.2453 -0.0714 
2.8968 1.2175 5.7040 -0.0322 0.3864 0.4971 
2.6947 1.6498 5.7370 0.5404 -0.2759 0.4334 
2.4515 1.9555 5.6253 0.1313 0.0345 0.0573 
2.4580 2.3715 5.8055 -0.0914 0.2566 -0.0263 
2.3835 2.7690 6.0267 0.0838 -0.3057 -0.2102 
2.2475 3.2095 6.1925 -0.1666 -0.1467 -0.2413 
4.8715 3.5000 4.3377 0.4446 0.2390 0.0831 
5.1795 3.5777 4.5213 -0.1267 -0.3645 0.0872 
5.3432 4.0067 4.4190 0.1709 -0.3070 -0.0427 
5.3532 4.4095 4.6052 -0.1714 0.0404 0.1297 
5.2487 4.7985 4.7707 0.2341 -0.6764 -0.0083 
5.2237 5.1735 4.6780 -0.2360 0.0446 -0.0021 
5.1545 5.5910 4.5133 -0.5071 0.2140 0.0289 
5.4180 5.9493 4.3863 -0.1982 -0.2249 0.2307 
5.8365 6.0247 4.4890 -0.5393 -0.4261 -0.0594 
6.2218 5.7737 4.4305 -0.1987 -0.1494 0.1532 
1.9808 5.2142 2.9373 -0.2763 -0.1937 -0.0207 
1.7443 5.0652 3.1493 0.1844 0.0247 -0.4480 
1.7818 5.4243 3.4613 0.1390 -0.0711 -0.2564 
1.9400 5.8673 3.4567 -0.3928 -0.0907 0.2304 
2.0205 6.2248 3.2115 -0.5852 -0.0859 0.0194 
1.8017 6.1050 2.8660 -0.1626 0.4302 0.0082 
1.3975 5.9495 2.7722 0.3809 -0.1846 -0.1505 
0.9525 5.7530 2.7900 0.3274 0.1206 0.6323 
0.5138 5.5903 2.7120 -0.2572 0.4922 -0.3724 
0.1257 5.4615 2.9278 -0.1339 0.2667 -0.0859 
3.5075 2.1183 4.8688 0.0173 -0.3163 0.3566 
3.4460 2.5630 4.9908 0.0984 -0.3130 -0.2016 
3.7507 2.9165 5.1143 -0.1283 -0.2073 0.1527 
3.9692 3.2962 5.3155 -0.2891 0.1331 0.0252 
3.9377 3.5423 5.6965 -0.2186 0.1248 -0.3994 
3.8340 3.4183 6.1022 -0.2707 -0.0900 0.4314 
3.6348 3.4188 6.5450 -0.1634 -0.0369 0.1885 
3.5537 3.6033 6.9250 0.1337 -0.0067 0.4674 
3.2995 3.3213 7.0735 -0.2100 0.4283 -0.0868 
3.0680 2.9140 7.1545 -0.0696 -0.1408 0.1367 
0.7592 1.5282 0.4878 0.3669 -0.1179 -0.1402 
0.6687 1.1228 0.2870 0.3800 -0.0346 0.2424 
0.7630 0.6795 0.4773 0.0053 0.0049 -0.0921 
0.5425 0.5277 0.7522 0.0917 -0.0086 -0.3204 
0.0763 0.4450 0.7310 -0.3002 -0.1855 0.2954 
-0.1805 0.3290 1.0760 -0.0766 0.0887 -0.2597 
-0.3265 0.2320 1.4543 -0.1019 0.2005 0.1095 
-0.3907 0.6458 1.5770 0.6056 0.1338 -0.1512 
-0.4163 0.8665 1.2163 -0.1573 -0.7321 0.0496 
-0.1530 0.9510 0.8847 -0.3178 0.1749 0.2901 
2.8758 5.2255 4.4945 0.1315 0.1138 0.1169 
2.7917 5.6265 4.6850 -0.3764 0.1267 -0.6151 
2.8090 5.8575 5.0660 0.0062 0.0401 0.2097 
2.7277 6.0255 5.4552 -0.2953 -0.5403 0.2642 
2.3308 5.8880 5.6292 0.2288 0.0825 0.1521 
2.0682 5.5230 5.7883 -0.1125 0.1825 0.2949 
1.9748 5.0533 5.9750 0.0274 -0.3923 -0.0253 
1.9250 4.7707 6.3440 -0.1269 -0.0178 0.1580 
1.8723 4.7310 6.7905 -0.1318 0.3609 0.1620 
1.7542 5.1238 6.9520 -0.1444 0.1443 0.2895 
-0.0810 1.5662 0.9607 -0.2321 -0.1850 0.4196 
-0.3448 1.3373 0.7153 0.2613 -0.3073 -0.0740 
-0.3070 1.2500 0.2747 -0.0661 -0.1398 -0.0676 
-0.2338 1.1612 -0.1700 -0.1631 -0.0966 -0.1749 
0.1005 1.2900 -0.4087 0.1606 -0.3218 0.2865 
0.4617 1.1673 -0.7003 -0.1394 0.1449 -0.1308 
0.8083 1.3505 -0.8085 0.3300 0.1689 0.1685 
1.0593 1.7480 -0.8035 0.1136 0.4753 -0.1778 
1.4432 2.0187 -0.7043 -0.2608 -0.1278 -0.3794 
1.8207 2.2255 -0.5630 0.0307 -0.2273 -0.2421 
3.5912 2.5943 3.9660 0.3265 0.0618 -0.0190 
3.5430 2.6500 3.6220 0.0464 0.3672 0.1149 
3.8963 2.4605 3.3607 0.2243 -0.2873 -0.3817 
4.2465 2.4025 3.0568 -0.2260 0.0688 -0.0213 
4.2323 2.3675 2.6223 -0.0812 -0.2459 -0.5647 
3.8502 2.3633 2.4562 -0.3398 -0.0829 -0.1468 
3.4972 2.1365 2.5820 -0.0495 -0.0454 -0.3623 
3.2553 2.3357 2.8790 0.2673 0.3124 0.0920 
3.2340 2.7800 2.9492 0.1295 -0.0358 0.2365 
3.3560 3.0050 3.2608 0.1094 0.3707 -0.2042 
3.6042 3.3090 2.8853 0.3113 0.3337 -0.0880 
3.1680 3.4032 2.7192 0.1800 0.2562 -0.1247 
2.8510 3.3170 2.9265 -0.1218 -0.1736 0.0577 
2.7288 2.9452 3.1472 0.1508 0.1868 0.0059 
2.4973 2.7665 3.4703 0.3431 0.2788 -0.0596 
2.2695 2.4990 3.7672 0.3498 0.3857 -0.0939 
2.1720 2.1135 4.0703 -0.1374 -0.2007 -0.3184 
2.1132 1.7057 4.0685 0.1830 0.4681 0.0605 
2.2080 1.7770 3.7085 0.1027 0.1222 -0.0976 
2.1805 2.0945 3.3875 -0.1023 0.0811 -0.3384 
3.4825 3.4950 4.3995 0.2539 -0.0940 -0.1260 
3.2050 3.2170 4.7023 -0.1503 0.2985 0.0823 
2.8295 3.0965 4.8415 0.4589 0.3871 -0.0345 
2.6082 3.4085 4.6253 -0.1426 -0.1059 0.4249 
2.7177 3.7265 4.4642 -0.0087 0.0044 -0.2318 
3.0480 3.8920 4.4413 -0.2984 0.0361 -0.2685 
3.3070 3.9612 4.0945 0.0837 0.2397 -0.1403 
3.2785 4.3380 3.8430 -0.3957 0.3034 -0.3067 
3.0343 4.7760 3.8770 -0.1610 -0.1837 0.2691 
2.7780 5.1555 3.9810 -0.0314 -0.1673 -0.4901 
0.4050 4.5030 4.4123 -0.3581 0.1097 0.1915 
0.4228 4.3415 4.0443 -0.0199 0.4249 -0.3492 
0.8518 4.3755 3.8915 -0.5950 0.8291 -0.1854 
1.1670 4.4238 3.6662 0.2525 -0.1522 -0.0645 
1.2803 4.2637 3.1987 0.2400 0.4742 0.0414 
1.1880 3.9782 2.8645 0.0760 0.0140 0.4829 
1.1560 3.4745 2.9055 -0.1676 0.4397 0.3471 
1.4523 3.0968 2.8715 -0.2393 -0.1110 -0.0629 
1.5315 2.6313 2.8310 0.1380 -0.1560 0.0926 
1.8420 2.3622 2.7830 0.5248 0.1738 0.2260 
1.5608 3.2763 5.2317 0.0750 0.0512 0.2879 
1.7570 2.9872 5.4702 -0.0523 -0.4265 0.3198 
1.8653 2.6090 5.4210 -0.4351 0.0787 -0.0620 
1.6475 2.6585 5.1043 0.0455 0.1985 -0.3860 
1.6433 2.8200 4.8045 0.4560 -0.1270 0.3143 
2.0705 2.9555 4.6037 0.0816 -0.0391 -0.2075 
2.4960 3.0085 4.4102 0.0615 -0.3150 -0.2918 
2.6720 2.7218 4.5788 0.1727 0.0064 0.1835 
2.3840 2.6510 4.8898 -0.1917 0.0274 0.1076 
2.2855 2.7220 5.2605 -0.3220 -0.0350 -0.0328 
-0.0120 0.8040 4.8978 0.1627 0.3695 -0.0213 
-0.0645 1.0622 4.5865 -0.4049 -0.2071 0.5060 
-0.0403 1.3050 4.1867 0.2151 0.2383 0.4370 
-0.2883 1.5595 3.9432 0.1793 -0.6740 0.2268 
-0.2140 1.9155 3.7357 -0.3914 0.0662 0.2858 
0.1733 1.9225 3.4860 0.0612 -0.0408 0.1899 
0.3725 1.6730 3.1765 0.1222 0.3115 0.1303 
0.4590 1.2802 3.1593 -0.2869 0.2972 -0.1324 
0.2523 0.9930 3.4848 0.1393 -0.2919 -0.6175 
-0.0925 0.9520 3.7725 -0.1882 -0.1783 0.2713 
