0
1.0197 3.8165 4.5705 -0.3928 -0.3099 -0.4283 
0.6919 3.5299 3.8319 -0.0653 -0.1638 0.0056 
0.6449 3.4187 3.1443 -0.0908 0.0562 0.2670 
1.3080 3.2836 3.0806 -0.0482 -0.1201 0.0823 
1.0515 3.8158 3.1590 -0.1261 0.0981 0.1710 
2.9870 1.8351 4.9821 -0.2716 0.2090 -0.0686 
3.6528 1.8834 4.9531 -0.0605 -0.0064 0.1417 
4.2047 2.6104 5.0622 0.0404 -0.1100 0.0966 
4.5595 3.2843 5.4930 0.0925 0.4811 -0.0661 
5.0513 3.7066 5.4201 -0.3270 -0.1496 -0.0399 
4.6232 3.2296 3.0378 -0.1583 -0.1532 -0.1042 
4.0898 3.4246 2.4618 0.1958 0.2262 -0.0530 
4.4726 3.7000 2.1838 -0.0688 -0.0423 -0.2412 
5.1534 3.6572 2.7215 0.1220 0.1162 -0.1591 
5.7644 3.5226 2.7103 -0.0509 0.3325 -0.1645 
4.1966 5.3854 1.7891 -0.0102 -0.0511 0.0252 
3.5125 5.9612 2.0065 -0.1205 0.1559 -0.0449 
3.5639 6.4154 2.5096 0.2187 0.0155 0.1360 
3.6926 6.4043 3.3630 -0.2141 0.3387 -0.0551 
4.1898 6.5577 4.0541 0.0682 0.0403 0.1718 
3.4304 1.7524 2.1610 -0.0798 0.0858 0.3353 
2.9165 1.3546 1.8161 0.1708 0.0533 -0.0338 
2.1149 1.4304 1.8589 -0.2969 -0.1767 0.1290 
2.3825 1.5540 2.3424 -0.2599 -0.0613 -0.4967 
2.9944 1.0146 2.8345 0.0206 0.0675 0.1137 
3.4090 3.8130 4.6397 -0.2875 -0.2408 -0.1512 
2.8854 3.5045 4.1555 -0.1123 0.0593 0.0236 
2.2612 3.3019 3.7524 0.2438 -0.0880 -0.2528 
2.2779 2.7977 3.0809 -0.3179 0.1974 -0.0308 
2.7058 2.9443 2.3335 0.2487 -0.3333 0.1170 
3.8471 3.6295 0.4755 0.0703 0.0962 0.0916 
2.9584 3.7052 0.4714 0.0735 -0.2123 0.0269 
2.1156 3.6762 0.3215 0.1388 -0.0877 0.0465 
1.5726 3.1910 0.3455 -0.0541 -0.1026 0.2651 
1.9779 2.5195 0.3823 -0.0049 0.0712 -0.0983 
2.7197 2.0771 2.2521 0.3758 -0.1283 0.4517 
2.5785 1.9869 1.5533 -0.3141 0.4832 -0.0797 
3.2717 2.1340 1.0734 0.1671 -0.1017 0.1550 
3.3944 1.3950 0.9486 -0.2450 0.0052 -0.0077 
2.7501 1.3885 1.3781 0.3309 -0.1734 -0.0068 
3.0437 0.9653 5.0840 -0.2836 -0.1770 -0.1148 
2.6324 0.9180 4.5050 0.0200 -0.0660 0.0544 
2.5976 0.9751 3.6360 -0.0202 0.0443 -0.2636 
1.9333 0.6801 3.2077 -0.1059 -0.1663 0.5027 
1.5625 0.3077 3.5133 -0.3271 0.3018 -0.1090 
4.7734 2.1398 1.4051 0.1167 0.3530 -0.4560 
4.7881 2.4689 0.6364 0.0678 0.2274 0.0078 
5.3419 3.1174 0.5892 0.0955 0.2320 -0.1940 
5.8480 3.6166 1.0712 0.1256 0.0751 0.2285 
6.5730 3.2601 1.3387 -0.0690 0.3228 0.0090 
1.2750 2.9800 2.5848 0.2210 0.2126 -0.0087 
1.5065 2.2883 2.5302 -0.0347 0.3018 -0.0861 
1.5802 2.1605 3.2264 -0.0023 0.1326 -0.1973 
2.4060 2.3327 3.4755 0.1006 -0.1742 0.0496 
3.2505 2.3481 3.4035 0.1717 -0.0882 0.1199 
2.1794 0.5844 2.1350 0.1593 -0.2501 0.0015 
2.4558 0.0451 1.5771 0.1222 0.0383 0.0915 
2.0210 -0.4601 1.1955 0.0918 0.0475 -0.0495 
1.6331 -0.7179 0.6363 -0.1228 -0.1381 0.0738 
1.3349 -0.9685 -0.0105 -0.2581 -0.0499 0.0485 
2.4870 4.4980 1.3724 0.1577 0.1387 0.0125 
3.1021 4.0679 0.9935 -0.0766 0.1653 0.1401 
3.7901 3.8234 1.0770 0.2747 -0.0585 0.0267 
4.6623 3.8261 1.1584 -0.1971 0.3306 -0.1524 
5.1591 3.3985 1.3786 0.0656 0.0955 0.1577 
1.9141 3.3162 0.9400 0.0351 -0.1539 -0.2268 
1.5071 2.6821 1.1509 -0.1709 0.1182 0.4810 
1.0216 3.0235 1.5814 0.0373 -0.0469 -0.4172 
0.4254 3.1522 1.9435 0.0999 0.1585 0.0287 
-0.1412 3.1074 2.6473 0.2535 -0.2321 0.1908 
3.0521 1.8036 1.0394 -0.3714 0.2650 -0.0888 
3.8134 1.3371 1.4596 0.0382 -0.3249 -0.4044 
4.4793 1.3665 1.1739 -0.2434 0.4157 0.1149 
4.6296 1.1095 0.4027 -0.0694 0.2578 0.1955 
4.6974 1.0626 -0.4436 -0.0072 0.1521 -0.3872 
5.4924 5.5871 1.7268 0.0318 0.3493 0.0020 
5.6141 6.3178 1.8992 0.0559 -0.2197 0.3075 
5.1715 6.9003 2.5264 0.1558 0.2460 -0.4243 
5.4552 7.3066 2.9551 -0.3002 0.0531 0.0119 
6.1694 7.6601 3.0742 -0.2870 0.0377 -0.0266 
2.9965 2.6751 2.5274 0.2798 -0.1016 -0.2630 
2.7114 2.8879 3.2428 0.1483 -0.1028 0.0714 
2.6490 2.4829 3.9169 0.2637 -0.4728 0.2895 
2.3591 2.4977 4.5938 0.1072 0.1109 0.0731 
2.0821 2.7240 5.3673 -0.1268 -0.0336 -0.0566 
1.4392 4.5321 1.9105 0.0832 -0.1201 0.1652 
1.5131 5.3494 1.4948 0.4937 -0.0676 -0.1252 
1.8876 5.9905 1.0180 -0.4541 0.0238 0.1223 
2.5798 6.4268 0.9425 -0.3085 0.2996 0.2974 
2.3455 7.2815 0.9186 -0.1924 0.2482 -0.1831 
4.4379 4.6250 4.4879 -0.2156 0.2825 0.1170 
5.0806 4.2748 4.9057 -0.1901 -0.0063 0.1567 
5.6109 4.6164 5.3763 -0.0774 -0.0145 -0.1656 
5.7995 5.0286 6.0162 -0.3474 0.3375 -0.0018 
5.3860 4.5009 6.3908 0.2480 -0.1844 0.3555 
0.9875 0.3537 2.0179 0.0703 0.1754 -0.1774 
1.6701 0.3498 2.5781 -0.0787 -0.0862 -0.0764 
2.2963 -0.1636 2.8357 0.0232 0.0547 0.1220 
2.5355 -0.9004 2.9307 0.1606 -0.2256 0.0106 
2.3909 -1.7742 3.0091 -0.0255 -0.0011 -0.1819 
4.9325 1.2476 4.3859 -0.0822 -0.0936 -0.2228 
5.5505 0.6828 4.7912 0.0958 0.2384 -0.3208 
5.7575 -0.0071 5.1490 0.1464 -0.0778 0.2298 
5.5423 -0.7532 4.8510 0.1572 0.0149 0.1239 
5.2254 -1.2695 4.1506 0.0362 -0.2824 0.3289 
3.9789 0.7492 4.9099 -0.0101 -0.0672 0.0065 
3.7184 1.0681 4.2629 -0.2291 -0.3131 -0.3899 
3.4625 1.7492 3.9960 0.0285 0.0462 0.0061 
3.0435 1.8805 4.5175 -0.1679 -0.0987 -0.2384 
2.2450 1.9459 4.2374 -0.1768 -0.0208 0.2595 
3.4146 3.8680 3.9145 0.0546 -0.1566 -0.0653 
4.1357 3.4479 3.5499 0.3978 0.0588 0.3364 
4.3863 2.8674 3.7234 -0.2718 0.2970 -0.1737 
4.0902 2.1273 3.4952 -0.0802 0.0721 0.0190 
4.2956 1.3996 3.4941 0.1463 0.2059 -0.2892 
0.7113 1.4050 4.2035 0.0441 -0.2886 0.0702 
1.2890 1.6481 3.9395 0.2785 0.2408 -0.0422 
2.2471 1.5460 3.9399 -0.0992 -0.0742 -0.0670 
3.0925 1.4045 3.5746 0.1048 0.0933 -0.3539 
3.6901 1.7806 3.0572 -0.2028 -0.0954 0.3202 
4.8850 3.5869 4.7345 -0.4352 -0.0026 -0.1380 
4.1116 3.4058 4.4491 0.0269 -0.3575 0.2841 
3.5244 2.9787 4.1224 -0.1003 -0.2583 -0.1275 
2.7925 3.1941 3.7812 -0.2037 -0.0475 -0.0275 
3.1270 3.6848 3.3304 0.1358 0.1529 -0.0495 
3.8885 3.1887 3.1087 -0.0144 0.2696 -0.0148 
4.1156 2.4595 2.9440 0.2606 0.0158 0.3030 
3.6301 2.6528 2.3979 -0.0392 -0.0593 -0.5840 
3.1286 3.2016 2.6221 0.0427 0.0947 0.1423 
3.1890 3.3793 3.4921 0.5070 0.0301 -0.1830 
2.5386 1.3743 0.3797 -0.1928 0.1181 0.2916 
3.2345 1.1764 0.4808 0.0287 0.0388 -0.1967 
3.8568 0.7661 0.2019 -0.1348 0.1177 -0.1345 
4.6684 0.6369 -0.0326 0.0139 0.2812 -0.2314 
5.2299 0.4580 -0.6601 -0.4098 0.1243 0.0086 
3.3274 0.3349 3.8215 -0.1098 -0.0760 0.0285 
3.3040 0.3394 4.6519 0.3257 -0.1084 -0.1564 
2.9559 -0.0973 5.4541 -0.3125 0.1354 0.2245 
2.2940 -0.2655 5.6137 -0.0559 -0.4318 0.2868 
1.7160 0.2163 5.2343 0.2300 0.1060 -0.2945 
4.7025 1.7961 2.5241 -0.4206 0.0121 -0.1234 
4.9337 2.3006 3.1335 -0.3330 -0.1454 -0.0747 
5.3744 2.7376 3.5270 -0.1348 -0.1621 -0.0112 
5.8500 2.6196 3.1321 0.0563 0.0351 -0.0571 
5.8461 3.0660 3.4200 0.2063 0.3752 0.2566 
1.5839 4.9990 2.7099 -0.0609 -0.0206 0.0684 
1.6021 5.2029 3.5015 0.4925 -0.1432 -0.2254 
1.8836 4.9936 4.3709 -0.0449 0.2434 -0.1068 
2.6298 5.0891 4.6095 -0.0619 -0.0005 0.0558 
3.4192 4.6649 4.3875 -0.3489 -0.1538 0.1622 
3.0565 2.1354 2.9436 -0.1007 -0.0863 0.1950 
3.0776 2.7611 3.3779 0.3189 -0.1187 0.2484 
3.3218 2.5577 4.0354 -0.0414 -0.0818 -0.0316 
3.4369 2.3696 4.7862 0.1839 -0.2164 -0.0532 
2.8930 2.3804 5.2752 0.0670 -0.0041 0.2170 
3.8789 4.3144 3.1015 -0.1795 0.0216 -0.0616 
3.0781 4.4932 3.4169 0.3878 0.0191 -0.0001 
2.1774 4.2646 3.5624 0.4705 -0.2865 -0.2013 
1.3348 4.2064 3.0868 0.3967 0.0809 -0.1778 
0.4595 4.5465 2.9085 -0.0850 0.1244 0.1901 
5.5236 2.5837 1.8994 -0.2181 0.3101 0.4270 
5.9760 2.6536 1.7001 -0.1841 -0.1404 -0.1227 
6.2796 2.9688 1.0351 0.0560 -0.2076 -0.2951 
6.8419 3.4224 0.9205 0.0350 0.2845 0.0886 
7.0716 4.1276 0.9455 -0.1327 0.0859 -0.0093 
2.5074 1.9473 3.1486 -0.2646 0.2269 0.1928 
2.7760 1.1760 3.2050 -0.0309 0.2940 0.0491 
2.4548 0.4379 2.9264 -0.0318 0.3584 0.0117 
2.6519 -0.2784 2.5032 -0.1496 0.0396 0.2293 
2.9421 -1.0069 2.2764 0.0225 -0.0636 -0.0174 
1.1963 0.4838 1.4646 0.4497 -0.1712 0.1281 
1.5220 0.9056 1.9770 0.0411 -0.2765 0.0173 
0.9450 0.9691 1.9569 -0.0931 -0.0689 -0.2459 
0.8681 0.9006 1.2750 -0.0192 -0.1598 -0.5405 
0.4499 1.1351 0.7331 -0.2260 -0.2437 -0.1573 
1.0011 4.1121 2.4635 -0.0360 -0.0014 -0.2263 
1.3214 4.6806 2.7875 0.1765 -0.3245 0.0452 
2.0856 4.5641 3.2073 -0.1818 0.1990 0.2260 
2.6930 4.7900 3.7679 0.1705 0.1495 -0.1237 
3.4551 4.3546 3.8749 -0.0173 -0.3109 0.0319 
2.7950 2.1439 0.3498 0.0946 0.3305 0.0355 
3.3809 2.4312 0.7105 -0.0107 -0.0737 0.0925 
3.8483 2.0284 1.0960 0.0944 -0.3830 0.1938 
4.0297 1.1590 0.9660 0.1514 0.2757 -0.2739 
4.2508 0.3536 0.6674 0.1495 -0.3564 -0.0606 
2.5405 1.6170 -0.2094 0.3416 0.3545 -0.0361 
2.0414 1.6692 -0.8161 0.0253 -0.0767 -0.0572 
1.2431 1.7085 -0.9162 0.1770 -0.2888 -0.2255 
1.3533 2.2821 -1.2206 -0.2041 -0.2660 -0.0361 
1.1688 2.4268 -1.4992 0.1107 0.0568 0.4397 
3.2832 4.9626 5.0701 0.0030 0.2173 0.0935 
4.1707 5.0756 5.1551 -0.2116 -0.2234 0.2566 
5.0490 5.1106 5.3560 0.0349 0.1372 0.0826 
5.5772 5.4604 5.7800 -0.1171 -0.1070 -0.1207 
5.7510 5.8406 6.4763 0.2061 -0.0982 0.0424 
4.7565 1.7725 3.3456 0.1936 -0.5250 -0.0181 
4.4850 2.5469 3.0996 -0.0029 0.0233 0.2508 
3.9654 3.0368 2.6699 -0.1149 0.0794 0.4538 
3.4756 3.4325 2.0849 0.1275 -0.1524 -0.3405 
3.4914 3.1603 1.4715 -0.0304 0.2548 0.1991 
1.4486 1.9805 5.4051 0.0460 0.0773 0.0768 
1.7495 2.3453 6.1805 -0.0730 -0.2502 0.0317 
2.3982 2.4565 6.5033 -0.1154 -0.3145 0.3648 
3.0880 2.6712 6.3237 0.1213 0.0533 -0.0732 
3.9791 2.7575 6.5703 0.1520 0.0774 0.2917 
2.0753 3.2649 4.2298 -0.0507 0.1826 -0.0166 
2.1686 3.0933 5.0200 -0.1444 -0.1587 -0.2055 
2.3076 3.6942 5.2124 -0.1533 -0.1200 0.2204 
2.6369 4.0669 4.6776 0.1522 -0.0616 0.2820 
2.8726 4.1019 3.8331 -0.1059 -0.2738 0.2019 
2.8494 2.7183 0.2575 -0.0021 0.0296 -0.1186 
3.5069 2.2499 0.3147 -0.0160 0.0712 -0.1426 
4.0947 1.7946 0.8031 0.1270 -0.1193 -0.2987 
4.8779 1.4972 0.7309 -0.2361 0.0373 0.1239 
5.2767 1.1532 0.0668 0.0151 -0.0047 0.0483 
2.0944 0.3611 1.3898 0.1736 -0.1663 0.0639 
2.1685 -0.2014 0.8227 0.0936 0.1107 -0.3302 
2.1904 -1.0083 0.3826 0.2712 0.0065 -0.1247 
2.9573 -1.2402 0.1294 0.0695 -0.1555 -0.0538 
3.3585 -1.1175 0.4070 -0.2430 -0.0639 -0.0594 
4.8707 0.9346 1.0657 0.0440 0.0949 -0.2785 
4.6828 0.1168 0.6984 0.0503 -0.0725 0.0518 
4.7216 -0.5757 0.2630 0.0314 0.1334 -0.1922 
4.0075 -0.7380 0.0105 0.0921 0.0347 0.4624 
3.7770 -0.8820 0.5881 -0.2207 -0.1906 -0.2843 
0.4796 5.4560 4.3896 0.0828 -0.0157 -0.1054 
0.8684 5.6770 4.1409 -0.0071 -0.4027 -0.1635 
0.1975 5.9212 3.6889 0.2109 -0.0500 -0.1019 
-0.5605 6.3614 3.6433 0.3150 0.0416 0.0198 
-0.8409 7.0615 4.0011 -0.3120 0.1649 -0.2968 
0.7969 1.3674 2.7611 -0.3998 -0.0337 0.0417 
1.3975 0.9984 3.2461 -0.0311 0.0796 0.0766 
1.7165 0.6938 3.9662 -0.2046 0.2750 0.0876 
2.4345 0.5154 4.1101 0.1483 -0.3025 0.2936 
3.0514 0.7503 4.3857 -0.1862 0.1641 0.0106 
0.7696 4.6580 1.1696 -0.0813 -0.1934 0.0756 
1.0012 5.2029 0.6060 -0.0542 -0.0561 0.0924 
1.6643 5.6326 0.6079 -0.2566 0.0326 -0.0317 
2.5264 5.6905 0.5829 -0.0333 0.1207 0.1870 
2.6650 6.0281 1.3011 -0.0877 -0.0243 -0.1759 
4.9185 3.3951 0.7648 0.0193 -0.1595 0.0603 
5.5238 2.7470 1.0751 -0.6014 0.2001 -0.1845 
6.2754 2.3971 1.2085 0.0812 -0.2809 -0.2552 
6.7977 1.7687 1.3546 -0.2152 -0.1766 -0.2861 
7.0065 1.0391 1.3913 0.0859 0.1102 0.0536 
3.5161 2.4931 1.4471 -0.0822 0.1166 0.0737 
4.1324 2.4259 2.0074 0.0247 -0.4648 0.1798 
4.7858 2.6766 2.6611 0.2213 0.0429 0.0047 
5.3243 3.0429 3.1879 -0.0647 0.1466 0.0706 
5.2118 3.8439 3.5589 0.1827 0.0410 -0.2668 
3.8998 2.9067 3.7020 -0.4456 -0.2776 -0.2040 
4.1703 3.7381 4.0090 0.0215 -0.2508 -0.1742 
4.6661 4.1406 4.2588 -0.3006 0.1750 0.0271 
5.2970 3.6430 4.2526 -0.1583 0.0875 -0.1945 
5.6386 3.0806 4.2225 0.2243 -0.0324 -0.2800 
4.5165 3.1619 2.3313 -0.1138 -0.0507 -0.0169 
3.7954 2.6885 2.0534 0.0469 -0.0266 -0.2678 
3.8347 2.0484 2.1235 0.3060 -0.0588 -0.0729 
4.2765 1.3381 2.0920 0.3146 0.0456 -0.4715 
3.6999 0.9364 1.7846 0.4726 -0.0322 0.0890 
4.0168 4.9585 1.8716 0.2322 0.0077 -0.1155 
3.4255 5.3055 1.8495 0.0147 0.0327 0.1459 
3.7222 5.3578 2.3331 0.1623 -0.3593 0.2325 
4.3880 4.7521 2.2957 -0.1000 -0.0560 0.1631 
4.8981 4.2298 1.8489 -0.0097 0.1943 -0.0620 
0.3131 1.4227 3.1581 -0.2043 0.1301 -0.1721 
0.4355 2.0930 3.7145 0.0450 0.0821 0.1459 
0.0290 2.7434 3.9926 0.1619 0.1506 -0.1465 
-0.4531 3.3853 3.7577 -0.0989 -0.3922 -0.4642 
-0.8155 3.9874 3.7189 0.0720 0.2521 0.0272 
1.3608 0.0435 5.5754 -0.0187 -0.2051 0.2618 
1.7285 -0.1286 6.3308 -0.5576 0.3310 -0.0609 
1.9272 -0.1230 7.2406 -0.2004 0.2179 -0.0151 
2.1905 -0.5594 7.7886 0.4401 0.0222 0.0771 
1.8197 -1.2650 8.0765 0.0370 -0.1912 0.1843 
1.4509 -0.1021 2.0780 -0.3599 0.1165 -0.3132 
0.9028 -0.6594 2.0442 -0.1420 0.0915 -0.0875 
0.6605 -0.6649 2.6946 0.0570 -0.1253 0.4341 
0.5599 -0.7112 3.3602 0.0110 0.3120 0.0516 
0.7031 -1.2982 3.7419 0.0519 0.0977 -0.0744 
4.7754 3.5319 5.1302 -0.0001 -0.0295 0.2523 
5.0865 2.7870 4.8084 0.0568 0.2274 -0.3352 
4.8190 2.6876 4.1755 -0.2111 -0.1629 0.0553 
4.4969 2.2142 4.5455 0.2117 0.2782 -0.1305 
3.9718 1.6126 4.8110 0.0698 -0.0939 0.1789 
0.9940 3.8981 0.7699 0.4833 -0.0416 0.2537 
0.4301 4.0034 0.1530 0.2506 0.2704 0.0889 
0.3589 4.0225 -0.6585 -0.0718 0.1413 0.0038 
0.5996 3.3456 -0.9831 0.2442 0.1071 -0.3677 
0.9467 2.4882 -0.8904 -0.2651 0.2561 0.2174 
1.3231 2.7394 3.4591 -0.0440 -0.3322 0.1514 
1.4269 3.1797 4.0881 0.1300 0.0802 0.2407 
1.1144 3.3980 4.7295 0.0757 -0.4054 -0.5849 
0.7409 3.6060 5.4546 -0.0089 -0.0943 0.2327 
0.3315 3.9404 6.0195 0.0961 -0.0279 0.0608 
0.8122 4.4644 0.0251 0.1371 -0.3123 0.0909 
0.6911 4.6768 -0.5110 0.0276 -0.3291 0.2619 
0.7547 5.4956 -0.4504 -0.1635 -0.1247 0.0186 
1.1847 5.9679 -0.3850 -0.1898 0.3913 0.0401 
1.2330 6.1581 -1.0844 0.1058 -0.0841 0.1332 
0.5156 3.9937 1.5954 -0.1843 0.0813 -0.1494 
-0.0596 3.8829 1.0326 0.1547 -0.0666 -0.2992 
0.1550 3.5603 0.3967 0.1414 -0.0214 -0.1090 
0.7502 3.2235 0.4842 -0.2254 -0.1416 0.0099 
1.2955 3.7268 0.5286 -0.2240 0.0266 0.0800 
4.5261 2.8764 1.9046 -0.2131 0.0315 0.4043 
4.1699 3.2706 1.4126 0.0137 -0.0126 0.0470 
3.9162 2.9631 0.8256 0.0917 -0.0199 0.0550 
4.2895 2.1432 0.5759 -0.0742 0.0545 -0.1000 
4.3516 1.4930 0.1487 0.1579 -0.3177 0.1586 
5.3126 4.0687 2.5068 -0.1189 -0.4231 -0.2502 
5.6760 4.0534 3.2311 -0.0346 0.0363 0.0005 
5.6242 4.5105 3.8128 0.6125 -0.1558 -0.3523 
5.3099 5.4121 3.5451 0.3072 0.0559 0.1604 
4.8635 6.1142 3.0869 -0.0088 0.3096 0.1214 
2.3746 2.8799 1.0740 0.1173 0.1573 -0.0982 
2.2138 3.1888 0.3404 -0.0798 0.0201 -0.2308 
2.8730 3.6404 -0.1711 0.4582 0.2043 -0.0968 
3.2367 4.2350 -0.6460 -0.2529 -0.0289 -0.0811 
2.7310 4.6169 -1.1118 0.4213 0.0098 -0.1983 
0.9551 4.3995 3.9821 0.3981 0.0434 -0.4728 
1.1181 4.2955 4.4596 -0.1895 0.2143 0.1691 
0.4877 4.7243 4.4426 -0.1370 -0.0477 0.2941 
0.0389 5.2778 4.8746 -0.1390 -0.1168 0.2325 
-0.2048 5.4539 5.6626 -0.1060 0.1140 -0.1430 
-0.1505 0.9705 4.0030 0.2400 -0.1292 0.0677 
-0.1652 1.7145 4.2016 -0.1003 -0.2742 -0.1503 
0.5216 1.7763 4.8241 0.1516 -0.3797 0.3801 
1.1746 1.5170 5.3117 -0.1581 -0.0557 0.1752 
1.7720 0.8580 5.3049 -0.0699 0.1614 -0.2797 
0.0548 4.7991 1.4112 -0.2448 -0.0593 0.0152 
-0.8761 4.8504 1.3461 -0.0793 0.1115 0.0220 
-1.3330 5.4150 1.3591 -0.2455 -0.3147 0.2072 
-1.0886 5.8829 1.9349 0.3499 -0.1077 0.4279 
-1.3310 5.7973 2.4536 -0.1257 0.1836 -0.2361 
3.0944 1.4427 2.3365 0.2347 -0.3083 -0.2047 
3.2044 0.5594 2.5071 -0.0894 -0.0698 -0.0630 
3.4551 -0.2006 2.7075 0.1627 0.0455 0.2310 
3.9806 -0.5777 3.2956 -0.0434 -0.0291 0.0783 
4.8092 -0.6668 3.4850 0.0787 0.1718 -0.0325 
4.7856 4.3310 0.4880 -0.0567 -0.0537 0.0271 
4.0670 4.7472 0.4874 -0.0730 0.1292 -0.2001 
3.7726 5.2750 0.7699 0.3933 -0.1947 0.1566 
3.0715 5.3405 0.6215 -0.0142 0.0386 -0.1085 
2.8713 5.3055 1.3972 0.1351 -0.1978 -0.0785 
1.1404 2.0559 2.2418 -0.0566 -0.2208 -0.0452 
0.8679 1.3167 2.2676 0.2913 0.1873 0.1895 
0.0568 1.1593 2.6366 -0.1785 0.0288 0.2541 
-0.2135 1.3290 3.2790 -0.2357 0.2906 0.1225 
-0.1509 2.0316 3.8791 -0.3070 -0.1678 0.0455 
3.7444 0.3080 4.9040 0.0170 -0.1467 -0.0127 
3.6575 0.4166 5.7324 -0.0174 -0.1730 0.0073 
3.9109 0.7110 6.5029 0.4073 -0.1681 0.0214 
4.5796 0.6162 6.7591 0.0713 0.0684 -0.1794 
4.5885 -0.1796 6.4739 -0.0002 0.1351 -0.1671 
2.8569 4.6098 5.2989 0.0649 0.0567 0.4650 
3.5595 4.4960 5.0751 0.3518 -0.0767 -0.1387 
3.8782 4.9810 4.5168 0.1445 -0.0673 0.0223 
3.2540 5.2953 4.7364 0.2071 0.1899 -0.1275 
2.4570 5.0055 5.1643 0.5563 -0.0199 -0.0263 
1.6154 1.2116 4.1256 -0.2429 0.2272 -0.4037 
1.5032 1.2079 4.8517 0.1602 0.1062 -0.1333 
0.8819 0.8334 4.7899 -0.0073 0.3839 0.1093 
0.4787 0.7858 4.2462 0.1945 -0.0031 0.1396 
0.9209 0.6998 3.6033 -0.0416 -0.0228 -0.3601 
5.0741 1.6224 4.9144 -0.0164 -0.2455 0.0032 
5.2704 1.7223 5.5881 0.0222 -0.1399 0.1895 
6.1150 1.8291 5.6981 0.2154 0.0514 -0.2144 
6.9447 1.5373 5.7244 0.0643 0.3849 0.0307 
7.6900 0.9975 5.3494 0.0407 0.0834 0.0514 
4.1310 1.5063 3.1220 0.0682 0.5774 -0.1735 
3.8849 0.8089 3.0161 0.2078 -0.0605 -0.1677 
3.7686 0.1883 3.5275 0.3482 0.1171 0.1807 
3.4916 -0.0888 4.1159 -0.2248 -0.1889 -0.0858 
2.8327 0.2110 4.6774 0.2394 -0.1671 0.2612 
4.5254 2.0756 5.2721 0.2453 0.1827 0.1164 
4.7270 2.5416 4.8346 0.2108 -0.1358 0.1963 
4.4976 3.2216 4.7692 -0.1750 -0.3205 0.3055 
3.9771 3.7255 5.2694 0.0307 -0.2535 -0.0699 
3.3173 3.4250 5.0695 0.0418 -0.0271 0.0206 
1.0242 1.7824 0.9804 -0.5285 0.1226 0.2594 
1.1027 2.4439 0.5787 0.1557 -0.0061 -0.0473 
0.7357 3.0066 -0.0125 0.1245 -0.0019 -0.3002 
0.3441 3.4743 -0.3935 0.1321 0.2352 0.1426 
0.5244 2.8262 -0.5292 0.1303 0.2993 -0.1338 
3.9491 2.6486 4.5612 -0.1510 0.1545 0.0681 
3.6519 2.1688 3.7685 0.0157 0.0751 0.1598 
3.0541 1.7586 3.1984 -0.0109 -0.0622 0.2740 
3.4446 1.5186 2.6852 -0.0797 0.1086 -0.1567 
4.1943 1.8509 2.6400 0.0891 -0.1132 0.0068 
1.1090 0.6717 0.8059 -0.0608 -0.2037 0.0455 
0.6446 0.0312 1.1081 0.0336 0.1601 0.0831 
0.3785 -0.3007 1.7975 -0.0879 -0.1883 -0.1431 
-0.1638 -0.4264 2.2846 0.1876 0.3048 -0.0371 
-0.0333 0.2102 2.9129 -0.1874 0.3232 -0.1586 
3.8357 1.4990 1.9894 -0.0657 -0.2673 -0.3205 
3.4812 2.0424 1.6346 -0.0504 0.0881 -0.0324 
3.2407 2.2339 2.3669 0.2130 -0.0912 0.1968 
3.6130 2.7056 3.0251 -0.0967 -0.1300 0.0055 
3.5978 3.3021 3.7375 -0.3935 -0.2534 -0.0527 
3.4083 4.9665 3.7923 -0.1638 0.2472 0.0989 
2.7228 5.2905 4.0835 0.0472 -0.0821 -0.1386 
1.9196 5.3649 4.5579 -0.0579 0.1269 -0.1946 
1.3314 5.2246 4.1530 0.0441 -0.2950 -0.2359 
0.9481 5.5245 3.4518 0.4180 -0.1670 0.3150 
1.7176 2.3499 3.7904 0.2322 0.2339 0.1464 
1.4461 1.6770 3.4815 0.0842 -0.0494 0.0179 
1.0993 1.7368 2.8231 0.0626 -0.1333 0.2363 
0.6933 1.7341 2.2129 -0.0712 -0.1379 0.1859 
0.1357 1.4370 1.7999 -0.0597 -0.2153 -0.2602 
0.8595 1.5426 3.2261 -0.1110 -0.0965 -0.0858 
0.8080 0.7077 3.0721 -0.0642 0.0168 0.1851 
0.4512 -0.0246 2.7151 -0.1608 0.3790 -0.1049 
-0.0310 0.1574 2.3574 0.1368 -0.1827 -0.0887 
-0.6229 -0.0246 2.1318 -0.1805 -0.0051 0.0001 
0.0490 2.3795 3.1260 -0.0453 -0.0873 -0.4637 
-0.2701 2.4849 2.3481 0.0332 -0.3717 -0.3411 
-0.8881 2.0270 1.9851 -0.1340 0.5975 -0.0117 
-1.1164 2.0501 1.3689 0.0038 -0.1343 0.0705 
-0.6627 2.7296 1.5289 0.0358 0.0668 0.0050 
2.1346 0.8620 0.4858 0.0250 -0.0675 0.0338 
2.7294 0.5321 0.1696 0.2415 -0.1603 0.2017 
2.1833 0.0978 -0.1644 -0.0563 0.0504 -0.1386 
1.6422 -0.4260 -0.4503 -0.0817 0.1621 -0.0548 
1.0121 -0.4932 -1.0245 0.1341 0.3496 0.4221 
1.9504 4.8934 3.1517 -0.1572 -0.1020 0.0701 
1.5991 4.3570 3.7301 0.2115 0.0246 0.0038 
1.9382 4.1399 4.4292 -0.1713 0.1995 0.0060 
2.2711 4.5061 4.6670 0.0744 0.0500 0.1602 
1.5583 4.2661 4.8872 0.0789 -0.0668 -0.2863 
3.4234 -0.1416 1.2804 0.4229 -0.2485 -0.1155 
3.4751 -0.7525 1.9720 0.1744 -0.0260 0.0320 
4.1907 -1.0648 2.3109 0.1496 0.2716 0.1264 
4.6526 -0.8952 2.7006 0.5229 0.0204 0.1524 
4.7161 -0.0557 2.7420 -0.1322 -0.2095 0.2524 
3.9741 1.8049 4.2913 -0.0458 0.1839 0.0575 
4.2984 2.6493 4.2641 -0.1411 0.2425 0.1732 
4.8005 3.2591 4.2542 -0.2153 -0.0509 0.0265 
5.4101 3.0293 4.8605 -0.1298 -0.2700 0.2168 
5.5358 2.5884 5.5511 0.0699 0.0667 -0.0797 
3.3366 3.4345 0.9441 -0.1133 -0.3243 0.0930 
3.4508 3.9205 1.6383 0.2821 -0.0614 -0.0968 
3.6634 3.8426 2.4703 0.0888 -0.3152 0.2837 
4.0987 3.8564 3.1972 -0.0982 0.0482 -0.0845 
4.9516 3.7391 3.1520 -0.3673 -0.1985 -0.1908 
4.9725 4.8157 1.7544 0.3374 0.0285 0.0511 
5.4779 4.3682 1.9990 -0.1709 0.1486 -0.0883 
5.2095 4.6468 2.6555 0.3324 -0.1470 -0.0446 
4.9347 5.1574 3.3421 -0.1696 -0.0353 -0.0531 
4.4596 4.9443 3.7849 -0.3619 0.0060 -0.0197 
5.0558 2.6641 0.1086 -0.1392 -0.2844 -0.2298 
5.0181 1.9457 0.5252 -0.1107 0.2033 -0.0338 
5.6319 1.5363 1.1704 0.1222 -0.0850 0.0836 
5.5640 0.8763 1.3016 -0.1704 0.0930 0.0087 
4.9494 0.5654 1.8015 0.0607 -0.2714 -0.2094 
2.6391 0.6771 2.7090 -0.4102 0.1466 0.1358 
1.9152 1.1020 2.9306 -0.1612 0.1252 -0.1625 
1.9701 1.0744 3.7300 -0.0716 -0.4258 0.1513 
2.4749 1.2609 4.3761 -0.1769 0.3115 -0.1970 
3.3215 1.3195 4.6242 -0.0088 -0.5542 -0.3039 
2.3156 0.5220 3.6116 0.2095 0.0102 0.2061 
2.0801 -0.0876 3.5349 -0.0561 -0.0154 0.3668 
2.1081 -0.8630 3.9914 0.0548 0.1706 -0.1164 
2.3256 -1.6274 4.4271 0.1574 0.4364 -0.4971 
2.6355 -2.2235 5.0282 -0.0914 0.1177 0.1320 
3.2670 1.6424 5.3805 0.0943 -0.1020 0.4838 
3.3105 0.8539 5.6390 0.0074 -0.0575 -0.0656 
3.2209 0.6484 6.4605 0.1413 0.1875 0.1982 
2.9335 0.6430 7.2916 -0.0016 0.0747 0.2279 
2.3651 0.9695 7.4954 -0.2299 0.1435 0.4102 
4.2855 4.0751 0.4361 -0.0032 0.1383 0.0526 
4.7346 4.3655 -0.1114 -0.2973 0.3016 0.0082 
5.1330 4.9636 -0.6451 0.1104 -0.3555 -0.2211 
4.8561 5.3776 -1.2384 0.1738 0.2302 0.2794 
4.0629 5.6309 -1.1655 -0.0991 0.1132 0.2020 
4.7925 2.7476 1.0574 0.0159 0.1399 -0.0707 
5.4321 2.3174 0.9901 0.1062 -0.0059 -0.2545 
5.9765 2.2999 0.3200 0.2261 0.2780 -0.2204 
5.5761 1.9565 -0.2118 0.0200 -0.2129 -0.0186 
5.5312 1.3051 -0.7140 0.4955 0.0551 0.1277 
1.9124 1.5015 2.7346 0.0497 0.0268 0.1692 
1.9872 1.9090 3.5485 0.2690 0.1885 0.0610 
2.6984 1.9694 3.7749 0.1954 -0.0832 0.2395 
3.0406 1.6429 4.1254 0.1078 -0.0333 -0.1583 
3.2774 0.9085 3.8457 0.1795 0.1490 0.0732 
2.1456 1.2608 1.1018 0.2380 -0.1415 -0.2859 
1.9726 1.8698 1.6028 0.0812 0.2143 0.2521 
2.1190 2.2734 2.3805 -0.1859 -0.0524 -0.0467 
2.0111 2.1684 2.8760 -0.2292 -0.1894 0.4270 
2.2668 1.5050 3.1169 -0.1227 0.0760 0.0078 
3.0286 3.7645 2.3616 0.2286 -0.1267 0.1257 
2.5998 3.5484 1.9850 0.1606 -0.1440 0.0180 
1.9790 4.1457 1.6766 -0.0225 -0.1932 0.0998 
1.1757 4.2367 1.2924 -0.2455 0.0654 -0.0869 
0.4978 4.2181 1.1340 -0.1062 0.4568 -0.0225 
0.2766 2.0427 1.4124 0.1593 -0.0811 -0.0592 
0.4790 1.8960 1.8085 0.0510 0.0272 0.0045 
1.2550 1.5326 1.6961 -0.1643 0.0642 0.0480 
1.5539 2.1830 1.8231 0.0825 0.3177 -0.1930 
1.7914 3.0170 1.5891 -0.0984 0.2587 0.0768 
3.4565 4.1303 2.8229 -0.0185 -0.1371 0.1470 
2.7890 3.4728 2.8664 -0.0798 0.4454 0.1103 
2.1946 3.4487 2.3662 -0.0886 -0.0242 -0.1011 
1.8399 4.1647 2.2721 -0.3657 0.0641 0.3687 
2.0719 4.8250 1.8637 0.0317 0.4830 -0.0636 
5.3660 3.3390 2.1735 0.0567 0.0476 -0.0778 
5.9855 3.8860 2.0974 0.2346 0.0068 0.1576 
6.7430 3.5642 2.0917 0.3569 -0.5342 0.0295 
7.1655 3.4550 2.6833 0.2062 0.1502 0.0385 
7.7401 3.9094 2.4810 -0.2857 0.1255 -0.1042 
1.3875 3.7327 4.1333 0.0170 0.0275 -0.0269 
1.1175 4.3057 3.4958 -0.3071 0.1319 -0.0898 
1.1179 5.1740 3.0669 -0.0673 -0.0791 0.1268 
1.3045 6.0705 2.8342 -0.0236 -0.0371 0.1359 
1.5803 6.8531 2.4810 -0.1109 -0.1973 -0.0642 
4.1305 1.1507 0.4410 0.2303 -0.1025 -0.2630 
4.2545 1.0471 -0.3751 0.2975 -0.2003 -0.0061 
4.3208 0.5510 -0.8651 -0.0401 -0.0402 0.1189 
4.4548 -0.2868 -0.9144 0.0903 -0.0812 -0.0009 
5.1315 -0.5656 -1.2414 -0.0755 0.0214 0.2344 
2.5326 4.5521 0.7661 0.4352 0.4693 0.0468 
2.5504 4.0423 0.7752 -0.0828 -0.2015 0.0429 
2.1490 3.6648 1.3674 0.0172 -0.0137 -0.0457 
2.7460 3.0770 1.6248 0.0001 0.1010 0.0613 
3.5122 3.1295 1.8240 -0.1875 -0.2762 0.1075 
3.0122 -0.2459 2.9174 0.1611 -0.0766 0.2333 
3.7138 -0.6587 2.9113 -0.1265 0.1406 0.0264 
4.3738 -0.3499 3.0897 -0.0507 0.0126 -0.2954 
4.5302 0.3284 3.1244 -0.0413 -0.4825 -0.0544 
4.2550 0.9415 2.6036 -0.0795 -0.1135 0.1570 
1.8440 3.1611 4.7510 -0.2086 -0.2184 -0.1502 
1.7771 2.3250 4.6531 -0.2073 -0.0409 -0.1132 
1.3742 2.2779 4.8033 0.2526 -0.5173 -0.2063 
1.9592 2.2111 5.0800 -0.0263 -0.6027 0.1300 
2.6854 2.2179 4.5781 -0.2359 0.2520 -0.0949 
0.3914 2.9735 0.7746 0.0313 0.2120 -0.0038 
0.1417 3.3560 1.5795 0.0926 -0.0904 0.1207 
-0.5061 3.5762 1.8587 0.1567 -0.1262 0.1776 
-0.7900 3.3656 1.2389 -0.1423 -0.1253 -0.0069 
-1.0342 2.9841 0.5155 -0.0295 -0.2818 -0.0203 
1.2384 5.2901 2.4061 -0.1606 -0.0151 -0.0217 
0.9247 5.1475 1.7149 0.1690 0.0872 0.2024 
1.2218 4.8828 1.0092 -0.2758 -0.0687 -0.0754 
0.7333 4.5241 0.5688 0.0316 -0.0328 0.1314 
-0.0600 4.6791 0.4345 0.0850 -0.0821 0.0099 
3.9935 5.4885 2.8476 -0.1611 0.2043 -0.1406 
3.2820 5.3703 3.1015 -0.1811 0.2247 -0.0977 
2.6466 5.2416 3.5023 -0.0098 0.1110 0.0110 
1.9820 5.4992 4.0215 0.0146 -0.0720 0.0635 
1.4075 5.5137 4.6460 -0.1275 -0.3388 -0.1036 
4.7784 1.8790 4.6604 0.0014 -0.2379 0.1601 
5.6394 2.2610 4.5946 0.4102 -0.2549 0.0328 
6.3193 2.2270 5.2130 0.1583 0.3406 -0.2274 
6.7984 2.7874 5.2936 -0.2021 0.1499 -0.0842 
6.4837 3.0430 5.0620 0.4103 0.0078 -0.0469 
1.8542 3.4996 1.8554 -0.2157 0.0921 -0.1633 
1.1522 3.6929 1.5926 0.2265 -0.2324 0.3093 
0.9226 3.3931 2.0985 -0.0936 0.2743 0.2882 
1.1501 2.7064 2.0555 -0.0617 0.1133 0.1758 
0.7449 2.9015 2.4845 -0.2815 0.2723 -0.1832 
3.2492 1.6539 0.4816 0.2222 -0.2605 -0.1235 
3.9294 1.8458 0.2107 0.2014 -0.2385 -0.1363 
3.8580 2.7037 0.2838 0.0353 -0.1384 0.1759 
4.0570 3.1797 0.0328 0.0589 -0.0156 0.1550 
3.5654 2.7802 -0.1134 -0.0188 -0.3644 -0.1339 
1.3695 3.6304 -0.2479 0.0816 0.1707 -0.0619 
1.9266 3.9078 -0.3914 -0.2245 0.1388 0.1948 
1.7672 4.6445 -0.0054 -0.2331 0.2701 -0.0589 
1.0731 5.0805 -0.1071 0.1082 -0.1848 -0.3352 
0.9236 5.6917 0.2506 0.0838 -0.0782 0.1106 
4.6967 0.4507 3.6464 -0.0530 -0.0896 0.0384 
4.0491 0.6276 3.5775 0.0843 -0.0971 -0.3015 
4.5062 0.7531 4.0370 -0.0913 -0.0933 -0.1488 
4.7997 0.4549 4.4567 0.1502 0.1884 -0.0911 
4.3699 0.1485 5.0331 -0.0370 0.0361 0.2205 
3.5293 3.1738 5.3956 -0.0367 0.0312 0.1118 
3.0019 3.1532 6.1336 0.0926 0.0548 -0.1461 
2.8840 3.5486 6.9720 0.1833 -0.1986 -0.1103 
3.1941 4.2307 7.1065 -0.0336 0.0538 0.0898 
4.0214 4.1048 7.1188 0.3749 -0.0851 0.0031 
5.1460 1.4970 1.3161 0.1045 -0.1432 -0.4152 
5.3210 0.8976 0.8984 0.0005 -0.0558 -0.0668 
5.1754 0.0755 0.9581 0.1907 -0.3482 0.1286 
4.8911 -0.6306 0.8921 -0.0923 0.4296 -0.1611 
4.2475 -1.1073 1.2699 -0.1246 -0.0868 0.1706 
1.0740 0.9629 0.3589 -0.1211 0.1182 -0.0318 
0.3293 0.8304 0.2696 0.0235 -0.0336 -0.0206 
-0.4687 0.5151 0.3835 0.0707 0.4932 -0.1510 
-1.1559 -0.0205 0.2190 -0.1497 0.2311 -0.0225 
-1.9427 -0.3392 0.3982 -0.2125 0.0067 0.1575 
0.5251 1.3153 5.4545 -0.0288 -0.0450 -0.1040 
1.1947 1.3450 6.0668 -0.0900 0.0066 -0.1399 
1.8260 1.6295 6.0774 -0.0380 0.1341 -0.0556 
1.9971 1.6604 5.3304 -0.5793 0.3758 0.2366 
2.1902 1.0308 4.8530 0.0303 0.1565 0.2644 
0.3128 2.2065 2.5547 -0.1562 0.0972 -0.1492 
-0.1970 1.8994 2.2111 -0.2698 -0.1189 -0.0856 
-0.6351 1.3856 1.7957 -0.1001 0.2908 -0.2809 
-0.1435 0.8104 2.1781 -0.0908 -0.0024 0.1988 
-0.4809 0.8502 2.5027 0.0298 0.0654 0.0265 
4.1292 4.1790 4.7363 0.2022 -0.3209 -0.1441 
3.7232 3.6310 4.4450 -0.0951 0.0781 -0.0346 
3.3954 2.8789 4.7494 -0.0607 0.1494 -0.2680 
2.7641 2.7739 4.5061 -0.2310 0.2950 -0.1603 
2.0986 2.7905 4.2374 -0.1171 -0.0448 0.2517 
2.4986 3.4101 0.9721 -0.2917 0.3054 -0.3216 
2.6385 4.0129 1.4371 -0.0039 0.1984 0.0725 
2.7041 4.6936 1.9754 0.1459 0.1383 0.3878 
2.9281 4.8296 1.4836 -0.2105 -0.0333 0.1877 
3.5875 4.5418 1.3444 -0.1499 0.1580 0.2414 
0.6362 0.7853 2.6396 0.2370 -0.1544 0.0215 
0.2752 0.9400 3.2829 -0.2260 -0.0499 -0.2484 
0.2610 1.4741 3.9794 -0.0009 0.2364 0.0612 
0.6715 2.2136 4.1700 -0.1277 0.1590 0.0125 
0.8636 3.0766 3.8056 -0.3048 -0.1276 -0.1601 
2.4579 2.6866 1.9446 -0.2742 -0.0098 -0.2687 
1.9564 2.9674 2.7000 -0.0589 -0.3162 -0.0896 
1.8432 3.3902 3.4591 -0.0582 -0.1345 0.2418 
2.4517 3.9422 3.3511 0.0395 -0.0565 -0.0454 
3.0660 4.3739 2.8123 -0.1765 -0.1411 -0.5054 
4.3624 3.9301 2.7717 -0.1155 -0.2026 -0.0339 
5.0770 4.3516 3.1776 -0.1619 -0.1994 0.0409 
5.5960 5.0839 3.3032 0.3034 -0.1528 0.0818 
6.1532 5.0395 3.6694 -0.1312 0.1398 -0.0569 
6.7940 4.6632 4.1119 -0.2942 -0.1669 -0.2066 
